90001
90002
90003
90004
90005
90006
90007
90008
90009
90010
90011
90012
90013
90014
90015
90016
90017
90018
90019
90020
90021
90022
90023
90024
90025
90026
90027
90028
90029
90030
90031
90032
90033
90034
90035
90036
90037
90038
90039
90040
90041
90042
90043
90044
90045
90046
90047
90048
90049
90050
90051
90052
90053
90054
90055
90056
90057
90058
90059
90060
90061
90062
90063
90064
90065
90066
90067
90068
90069
90070
90071
90072
90073
90074
90075
90076
90077
90078
90079
90080
90081
90082
90083
90084
90086
90087
90088
90089
90091
90093
90094
90095
90096
90099
90101
90102
90103
90189
90201
90202
90209
90210
90211
90212
90213
90220
90221
90222
90223
90224
90230
90231
90232
90233
90239
90240
90241
90242
90245
90247
90248
90249
90250
90251
90254
90255
90260
90261
90262
90263
90264
90265
90266
90267
90270
90272
90274
90275
90277
90278
90280
90290
90291
90292
90293
90294
90295
90296
90301
90302
90303
90304
90305
90306
90307
90308
90309
90310
90311
90312
90313
90397
90398
90401
90402
90403
90404
90405
90406
90407
90408
90409
90410
90411
90501
90502
90503
90504
90505
90506
90507
90508
90509
90510
90601
90602
90603
90604
90605
90606
90607
90608
90609
90610
90612
90620
90621
90622
90623
90624
90630
90631
90632
90633
90637
90638
90639
90640
90650
90651
90652
90659
90660
90661
90662
90670
90671
90680
90701
90702
90703
90704
90706
90707
90710
90711
90712
90713
90714
90715
90716
90717
90720
90721
90723
90731
90732
90733
90734
90740
90742
90743
90744
90745
90746
90747
90748
90749
90755
90801
90802
90803
90804
90805
90806
90807
90808
90809
90810
90813
90814
90815
90822
90831
90832
90833
90834
90835
90840
90842
90844
90845
90846
90847
90848
90853
90888
90895
90899
91001
91003
91006
91007
91009
91010
91011
91012
91016
91017
91020
91021
91023
91024
91025
91030
91031
91040
91041
91042
91043
91046
91066
91077
91101
91102
91103
91104
91105
91106
91107
91108
91109
91110
91114
91115
91116
91117
91118
91121
91123
91124
91125
91126
91129
91131
91182
91184
91185
91188
91189
91191
91199
91201
91202
91203
91204
91205
91206
91207
91208
91209
91210
91214
91221
91222
91224
91225
91226
91301
91302
91303
91304
91305
91306
91307
91308
91309
91310
91311
91313
91316
91319
91320
91321
91322
91324
91325
91326
91327
91328
91329
91330
91331
91333
91334
91335
91337
91340
91341
91342
91343
91344
91345
91346
91350
91351
91352
91353
91354
91355
91356
91357
91358
91359
91360
91361
91362
91363
91364
91365
91367
91371
91372
91376
91377
91380
91381
91382
91383
91384
91385
91386
91387
91388
91390
91392
91393
91394
91395
91396
91399
91401
91402
91403
91404
91405
91406
91407
91408
91409
91410
91411
91412
91413
91416
91423
91426
91436
91470
91482
91495
91496
91497
91499
91501
91502
91503
91504
91505
91506
91507
91508
91510
91521
91522
91523
91526
91601
91602
91603
91604
91605
91606
91607
91608
91609
91610
91611
91612
91614
91615
91616
91617
91618
91701
91702
91706
91708
91709
91710
91711
91714
91715
91716
91722
91723
91724
91729
91730
91731
91732
91733
91734
91735
91737
91739
91740
91741
91743
91744
91745
91746
91747
91748
91749
91750
91752
91754
91755
91756
91758
91759
91761
91762
91763
91764
91765
91766
91767
91768
91769
91770
91771
91772
91773
91775
91776
91778
91780
91784
91785
91786
91788
91789
91790
91791
91792
91793
91795
91797
91798
91799
91801
91802
91803
91804
91841
91896
91899
91901
91902
91903
91905
91906
91908
91909
91910
91911
91912
91913
91914
91915
91916
91917
91921
91931
91932
91933
91934
91935
91941
91942
91943
91944
91945
91946
91947
91948
91950
91951
91962
91963
91976
91977
91978
91979
91980
91987
91990
92003
92004
92005
92007
92008
92009
92010
92011
92013
92014
92018
92019
92020
92021
92022
92023
92024
92025
92026
92027
92028
92029
92030
92033
92036
92037
92038
92039
92040
92046
92049
92051
92052
92054
92055
92056
92057
92059
92060
92061
92064
92065
92066
92067
92068
92069
92070
92071
92072
92074
92075
92078
92079
92081
92082
92083
92084
92085
92086
92088
92090
92091
92092
92093
92096
92101
92102
92103
92104
92105
92106
92107
92108
92109
92110
92111
92112
92113
92114
92115
92116
92117
92118
92119
92120
92121
92122
92123
92124
92126
92127
92128
92129
92130
92131
92132
92133
92134
92135
92136
92137
92138
92139
92140
92142
92143
92145
92147
92149
92150
92152
92153
92154
92155
92158
92159
92160
92161
92162
92163
92164
92165
92166
92167
92168
92169
92170
92171
92172
92173
92174
92175
92176
92177
92178
92179
92182
92184
92186
92187
92190
92191
92192
92193
92194
92195
92196
92197
92198
92199
92201
92202
92203
92210
92211
92220
92222
92223
92225
92226
92227
92230
92231
92232
92233
92234
92235
92236
92239
92240
92241
92242
92243
92244
92247
92248
92249
92250
92251
92252
92253
92254
92255
92256
92257
92258
92259
92260
92261
92262
92263
92264
92266
92267
92268
92270
92273
92274
92275
92276
92277
92278
92280
92281
92282
92283
92284
92285
92286
92292
92301
92304
92305
92307
92308
92309
92310
92311
92312
92313
92314
92315
92316
92317
92318
92320
92321
92322
92323
92324
92325
92326
92327
92328
92329
92331
92332
92333
92334
92335
92336
92337
92338
92339
92340
92341
92342
92344
92345
92346
92347
92350
92352
92354
92356
92357
92358
92359
92363
92364
92365
92366
92368
92369
92371
92372
92373
92374
92375
92376
92377
92378
92382
92384
92385
92386
92389
92391
92392
92393
92394
92395
92397
92398
92399
92401
92402
92403
92404
92405
92406
92407
92408
92410
92411
92412
92413
92414
92415
92418
92423
92424
92427
92501
92502
92503
92504
92505
92506
92507
92508
92509
92513
92514
92515
92516
92517
92518
92519
92521
92522
92530
92531
92532
92536
92539
92543
92544
92545
92546
92548
92549
92551
92552
92553
92554
92555
92556
92557
92561
92562
92563
92564
92567
92570
92571
92572
92581
92582
92583
92584
92585
92586
92587
92589
92590
92591
92592
92593
92595
92596
92599
92602
92603
92604
92605
92606
92607
92609
92610
92612
92614
92615
92616
92617
92618
92619
92620
92623
92624
92625
92626
92627
92628
92629
92630
92637
92646
92647
92648
92649
92650
92651
92652
92653
92654
92655
92656
92657
92658
92659
92660
92661
92662
92663
92672
92673
92674
92675
92676
92677
92678
92679
92683
92684
92685
92688
92690
92691
92692
92693
92694
92697
92698
92701
92702
92703
92704
92705
92706
92707
92708
92709
92710
92711
92712
92725
92728
92735
92780
92781
92782
92799
92801
92802
92803
92804
92805
92806
92807
92808
92809
92811
92812
92814
92815
92816
92817
92821
92822
92823
92825
92831
92832
92833
92834
92835
92836
92837
92838
92840
92841
92842
92843
92844
92845
92846
92850
92856
92857
92859
92860
92861
92862
92863
92864
92865
92866
92867
92868
92869
92870
92871
92877
92878
92879
92880
92881
92882
92883
92885
92886
92887
92899
93001
93002
93003
93004
93005
93006
93007
93009
93010
93011
93012
93013
93014
93015
93016
93020
93021
93022
93023
93024
93030
93031
93032
93033
93034
93035
93036
93040
93041
93042
93043
93044
93060
93061
93062
93063
93064
93065
93066
93067
93093
93094
93099
93101
93102
93103
93105
93106
93107
93108
93109
93110
93111
93116
93117
93118
93120
93121
93130
93140
93150
93160
93190
93199
93201
93202
93203
93204
93205
93206
93207
93208
93210
93212
93215
93216
93218
93219
93220
93221
93222
93223
93224
93225
93226
93227
93230
93232
93234
93235
93237
93238
93239
93240
93241
93242
93243
93244
93245
93246
93247
93249
93250
93251
93252
93254
93255
93256
93257
93258
93260
93261
93262
93263
93265
93266
93267
93268
93270
93271
93272
93274
93275
93276
93277
93278
93279
93280
93282
93283
93285
93286
93287
93290
93291
93292
93301
93302
93303
93304
93305
93306
93307
93308
93309
93311
93312
93313
93314
93380
93381
93382
93383
93384
93385
93386
93387
93388
93389
93390
93401
93402
93403
93405
93406
93407
93408
93409
93410
93412
93420
93421
93422
93423
93424
93426
93427
93428
93429
93430
93432
93433
93434
93435
93436
93437
93438
93440
93441
93442
93443
93444
93445
93446
93447
93448
93449
93450
93451
93452
93453
93454
93455
93456
93457
93458
93460
93461
93463
93464
93465
93475
93483
93501
93502
93504
93505
93510
93512
93513
93514
93515
93516
93517
93518
93519
93522
93523
93524
93526
93527
93528
93529
93530
93531
93532
93534
93535
93536
93539
93541
93542
93543
93544
93545
93546
93549
93550
93551
93552
93553
93554
93555
93556
93558
93560
93561
93562
93563
93581
93584
93586
93590
93591
93592
93596
93599
93601
93602
93603
93604
93605
93606
93607
93608
93609
93610
93611
93612
93613
93614
93615
93616
93618
93619
93620
93621
93622
93623
93624
93625
93626
93627
93628
93630
93631
93633
93634
93636
93637
93638
93639
93640
93641
93642
93643
93644
93645
93646
93647
93648
93649
93650
93651
93652
93653
93654
93656
93657
93660
93661
93662
93664
93665
93666
93667
93668
93669
93670
93673
93675
93701
93702
93703
93704
93705
93706
93707
93708
93709
93710
93711
93712
93714
93715
93716
93717
93718
93720
93721
93722
93723
93724
93725
93726
93727
93728
93729
93730
93740
93741
93744
93745
93747
93750
93755
93760
93761
93764
93765
93771
93772
93773
93774
93775
93776
93777
93778
93779
93780
93784
93786
93790
93791
93792
93793
93794
93844
93888
93901
93902
93905
93908
93915
93920
93921
93922
93923
93924
93925
93926
93927
93928
93930
93932
93940
93942
93943
93944
93950
93953
93954
93955
93960
93962
94096
94098
94157
94165
94166
94167
94168
94169
94170
95043
95075
95223
95305
95306
95311
95314
95317
95318
95321
95325
95333
95335
95338
95340
95341
95343
95345
95346
95347
95348
95364
95365
95369
95372
95375
95379
95383
95389
95408
95410
95417
95420
95427
95428
95429
95432
95437
95454
95456
95460
95463
95469
95470
95488
95490
95501
95502
95503
95511
95514
95518
95519
95521
95524
95525
95526
95527
95528
95531
95532
95534
95536
95537
95538
95540
95542
95543
95545
95546
95547
95548
95549
95550
95551
95552
95553
95554
95555
95556
95558
95559
95560
95562
95563
95564
95565
95567
95568
95569
95570
95571
95573
95585
95587
95589
95595
95646
95701
95714
95715
95717
95720
95721
95724
95728
95735
95910
95913
95915
95916
95919
95922
95923
95925
95926
95927
95928
95929
95930
95934
95935
95936
95938
95939
95940
95941
95942
95943
95944
95947
95951
95954
95956
95958
95959
95960
95963
95965
95966
95967
95969
95971
95972
95973
95976
95978
95980
95981
95983
95984
95986
96001
96002
96003
96006
96007
96008
96009
96010
96011
96013
96014
96015
96016
96017
96019
96020
96021
96022
96023
96024
96025
96027
96028
96029
96031
96032
96033
96034
96035
96037
96038
96039
96040
96041
96044
96046
96047
96048
96049
96050
96051
96052
96054
96055
96056
96057
96058
96059
96061
96062
96063
96064
96065
96067
96068
96069
96070
96071
96073
96074
96075
96076
96078
96079
96080
96084
96085
96086
96087
96088
96089
96090
96091
96092
96093
96094
96095
96096
96097
96099
96101
96103
96104
96105
96106
96107
96108
96109
96110
96111
96112
96113
96114
96115
96116
96117
96118
96119
96120
96121
96122
96123
96124
96125
96126
96127
96128
96129
96130
96132
96133
96134
96135
96136
96137
96140
96141
96142
96143
96145
96146
96148
96150
96151
96152
96154
96155
96156
96157
96158
96160
96161
96162
95459
95988
93912
95631
95344
95644