95468
95497
95445
95415
95480
95412
95494
95482
95418
95450
95421
95481
95449
95425
95465
95430
94923
95486
95462
95446
95493
94972
95471
94929
95419
94922
95453
94937
94971
95485
95441
95436
95448
94940
95435
95444
95472
94956
95464
95492
95473
95401
95451
95439
94950
94952
95403
95443
95407
95458
95426
94938
94924
95406
94931
94926
94928
95404
94927
94933
94946
94963
95405
95424
94970
94951
94975
94999
94973
94947
94953
95423
95422
94930
94515
95402
95409
94978
94960
94998
94957
94941
94904
94948
94979
94954
95461
94903
94955
94965
94913
94974
95467
95452
95457
94939
94914
94977
94945
94942
94976
95431
94038
95979
94949
94925
94912
94915
94901
94037
94121
94964
94966
95442
94116
94122
94132
94015
94172
95416
95433
94044
94576
94017
94018
94920
95476
94129
94118
94144
94127
94013
94016
94119
94143
94159
95487
94014
94117
94508
94112
94131
94123
94115
94114
94066
94146
94147
94573
94080
94109
94164
94574
94102
94110
94134
94019
94103
94133
94083
94101
94106
94135
94136
94140
94141
94142
94150
94152
94153
94154
94155
94171
94175
94199
94005
94108
94030
94104
94107
94120
94137
94138
94139
94145
94156
94160
94161
94162
94163
94562
94111
94567
94105
94126
94151
94177
94158
94128
94124
94801
94125
94188
94130
94010
94599
94802
94807
95679
94402
94074
94804
94011
94808
94806
94805
94497
94850
94401
94559
94625
94710
94403
94607
94002
94530
94062
94706
94615
94623
94662
94820
94608
94702
94803
95987
94564
94021
94581
94707
94501
94592
94703
94060
94070
94660
94701
94612
94404
94709
94609
94503
94547
94708
94604
94649
94659
94666
94712
94704
94720
94572
94064
94590
94065
94502
94606
94610
94558
94618
94705
94061
95017
95637
94589
94020
94525
94601
94621
94620
94028
94602
94027
94611
95955
94614
94661
94569
94591
94063
95606
94622
94563
94613
94304
94026
94603
94025
94305
94624
94577
94516
94309
94579
94301
94302
94605
95006
94022
94619
94617
94553
94510
94534
94580
94306
94570
94545
95607
94578
95060
94303
94556
94549
94023
94575
95007
94557
94555
94024
95005
94540
94040
94541
94546
95014
94042
94543
95108
95694
94523
94041
94597
94043
94039
94595
95912
95970
95018
95064
95041
94544
94035
94524
94527
95015
95070
94520
94529
94596
94087
94542
94560
94088
95067
95071
95627
94086
95688
94518
94552
94507
94522
95061
94587
94085
94089
95066
94519
95002
94537
94533
95129
95063
95170
94598
95937
94526
95062
95130
95051
95033
95030
95065
94536
95026
95044
95055
95932
95653
94583
95036
95157
95054
95117
95056
94538
94521
95008
95010
95050
95134
94528
95011
95052
95009
95053
95128
95920
95031
95073
95159
94585
95032
94535
95124
95164
95687
95696
95950
95126
94582
94568
94506
94539
95625
95698
95110
95150
95154
95191
94565
95155
95190
95131
95125
95113
95001
95101
95103
95106
95109
95115
95118
95161
95173
95192
95196
95112
95172
95194
94517
95003
95158
95035
94588
95133
95160
95695
94586
95116
95136
94566
95120
95153
95156
95974
95122
94512
95123
95193
95957
95111
95042
95152
94509
95697
95121
95982
95127
95616
93933
95119
95019
95151
95645
95148
95953
95039
94531
95948
95139
95012
95076
95620
95917
95077
95141
94551
95132
95013
95676
94571
95138
95617
95776
94561
95618
95993
94513
93907
95135
94548
94511
93906
95004
94514
95140
95690
95038
95391
95992
95046
95037
95837
94505
95991
95691
95641
95680
95612
94550
95659
95961
95798
95615
95020
95968
95021
95378
95799
95605
95836
95831
95234
95835
95686
95899
95045
95834
95377
95833
94296
95639
95668
95818
95832
95814
95901
95822
94203
94207
94208
94209
94211
94229
94232
94234
94235
94236
94237
94239
94240
94244
94245
94246
94247
94248
94250
94252
94254
94256
94257
94258
94259
94261
94262
94263
94267
94268
94269
94271
94273
94274
94277
94279
94280
94282
94284
94285
94286
94287
94288
94289
94290
94291
94293
94294
94295
94297
94298
95812
95840
95867
95894
95219
95674
95811
95626
95816
94249
94278
94299
95673
95817
94206
95815
95838
95758
95820
95823
95824
94204
94205
94230
94283
95819
95851
95852
95853
95376
95757
95208
95213
95206
95692
95813
95825
95304
95652
95865
95866
95828
95024
95821
95242
95660
95860
95826
95864
95747
95759
95903
95843
95887
95681
95209
95023
95842
95841
95918
95203
95207
95608
95827
95829
95269
95609
95204
95624
95211
95330
95258
95648
95267
95621
95241
95296
95297
95741
95210
95387
95977
95231
95202
95678
95830
95611
95670
95765
95655
95610
95962
95205
95632
95628
95385
95661
95337
95220
95677
95212
95363
95201
95662
95693
95946
95742
95336
95253
95360
95663
95746
95650
95763
95658
95215
95975
95237
95240
95630
95671
95949
95366
95638
95602
95358
95683
95368
95603
95762
95604
95227
95313
95664
95722
95356
95236
95322
95924
95350
95320
95351
95352
95397
95614
95672
95703
95736
95945
95354
95682
95254
95640
95307
95712
95355
95367
95353
95651
95328
95635
95319
95669
95230
95324
95357
95613
95713
95225
95380
95699
95226
95623
95374
95326
95382
95381
95252
95633
95601
95619
95654
95667
95634
95315
95685
95642
95361
95334
95675
95316
95656
95228
95629
95323
95709
95303
95301
95312
95665
95249
95222
95386
95245
95689
95232
95388
95684
95221
95246
95327
95255
95248
95247
95229
95257
95251
95309
95250
95329
95310
95666
95233
95370
95224
95373
95214
95025
95636
95726
95914
95466
93635