9875864715580
9875868123452
9875904364860
9875912786236
9878150218044
9878244524348
9878244950332
9878245933372
9878246850876
9878247211324
9878247604540
9878248030524
9878248423740
9878248816956
9878249308476
9878249734460
9878250225980
9878250488124
9878250946876
9878252159292
9878252519740
9878253437244
9878254584124
9878255173948
9878255599932
9878278111548
9878321987900
9878328181052
9878328869180
9878329360700
9878329852220
9878331719996
9878332014908
9878332440892
9878332768572
9878333194556
9878333686076
9878333980988
9878334570812
9878334931260
9878336831804
9878461481276
9878461743420
9878461972796
9878462038332
9878462333244
9878462398780
9878462628156
9878462693692
9878462759228
9878462955836
9878463086908
9878463152444
9878463381820
9878463414588
9878463578428
9878463643964
9878463709500
9878463938876
9878463971644
9878464135484
9878464201020
9878464299324
9878464627004
9878464659772
9878464725308
9878464921916
9878464954684
9878465052988
9878465118524
9878465249596
9878465282364
9878465380668
9878465511740
9878465610044
9878465675580
9878465806652
9878466134332
9878466167100
9878466199868
9878466265404
9878466625852
9878466724156
9878466887996
9878466953532
9878467117372
9878467182908
9878467248444
9878467445052
9878467707196
9878467772732
9878467903804
9878467936572
9878468002108
9878468133180
9878468165948
9878468329788
9878468526396
9878468624700
9878468723004
9878468788540
9878468854076
9878468985148
9878469116220
9878469345596
9878469378364
9878469411132
9878469509436
9878469607740
9878469771580
9878470033724
9878470099260
9878470132028
9878470230332
9878470295868
9878470459708
9878470558012
9878470590780
9878470623548
9878470951228
9878470983996
9878471082300
9878471115068
9878471278908
9878471344444
9878471573820
9878471606588
9878471672124
9878471704892
9878471803196
9878472065340
9878472098108
9878472360252
9878472393020
9878472425788
9878472524092
9878472655164
9878472753468
9878472819004
9878472851772
9878473146684
9878473244988
9878473277756
9878473310524
9878473376060
9878473736508
9878473834812
9878473965884
9878474031420
9878474064188
9878474457404
9878474588476
9878474654012
9878474916156
9878474981692
9878475145532
9878475243836
9878475342140
9878475374908
9878475407676
9878475866428
9878476390716
9878476489020
9878476652860
9878476751164
9878476849468
9878477078844
9878477242684
9878477275452
9878477472060
9878477603132
9878477701436
9878477865276
9878478094652
9878478225724
9878478291260
9878478356796
9878478487868
9878478553404
9878479175996
9878479208764
9878479241532
9878479274300
9878479307068
9878479765820
9878480027964
9878480093500
9878480126268
9878480191804
9878480355644
9878480519484
9878480552252
9878480585020
9878480716092
9878480748860
9878480814396
9878480847164
9878480879932
9878481109308
9878481174844
9878481273148
9878481305916
9878481371452
9878481404220
9878481535292
9878481568060
9878481699132
9878481764668
9878481830204
9878481862972
9878481928508
9878482026812
9878482059580
9878482125116
9878482157884
9878482321724
9878482354492
9878482452796
9878482485564
9878482551100
9878482583868
9878482682172
9878482780476
9878482846012
9878483009852
9878483075388
9878483108156
9878483140924
9878483206460
9878483337532
9878483435836
9878483468604
9878483534140
9878483665212
9878483697980
9878483730748
9878483763516
9878483927356
9878483992892
9878484025660
9878484091196
9878484189500
9878484255036
9878484353340
9878484517180
9878484549948
9878484779324
9878484812092
9878484844860
9878484910396
9878484943164
9878485107004
9878485238076
9878485270844
9878485303612
9878485401916
9878485631292
9878485696828
9878485729596
9878485827900
9878485860668
9878485958972
9878486122812
9878486155580
9878486253884
9878486417724
9878486450492
9878486548796
9878486647100
9878486778172
9878486876476
9878487040316
9878487073084
9878487105852
9878487171388
9878487204156
9878487400764
9878487433532
9878487466300
9878487597372
9878487630140
9878487761212
9878487793980
9878487826748
9878487859516
9878488187196
9878488285500
9878488318268
9878488351036
9878488416572
9878488580412
9878488613180
9878488678716
9878488711484
9878488875324
9878488908092
9878489039164
9878489071932
9878489104700
9878489203004
9878489268540
9878489334076
9878489366844
9878489628988
9878489661756
9878489792828
9878489858364
9878489891132
9878490054972
9878490120508
9878490153276
9878490317116
9878490513724
9878490546492
9878490644796
9878490677564
9878490874172
9878491038012
9878491103548
9878491169084
9878491496764
9878491529532
9878491627836
9878491660604
9878491791676
9878491857212
9878491988284
9878492086588
9878492152124
9878492381500
9878492610876
9878492643644
9878492709180
9878492741948
9878492873020
9878492905788
9878492938556
9878493233468
9878493331772
9878493462844
9878493495612
9878493528380
9878493593916
9878493856060
9878493888828
9878493954364
9878494019900
9878494183740
9878494216508
9878494478652
9878494576956
9878494609724
9878494740796
9878494806332
9878494839100
9878495101244
9878495134012
9878495232316
9878495265084
9878495559996
9878495625532
9878495756604
9878495887676
9878495920444
9878496084284
9878496117052
9878496346428
9878496379196
9878496411964
9878496477500
9878496543036
9878496575804
9878496706876
9878496739644
9878496805180
9878496936252
9878497001788
9878497132860
9878497165628
9878497296700
9878497395004
9878497558844
9878497657148
9878497689916
9878497722684
9878497820988
9878497853756
9878497984828
9878498017596
9878498083132
9878498115900
9878498181436
9878498443580
9878498476348
9878498541884
9878498640188
9878498672956
9878498804028
9878499000636
9878499164476
9878499197244
9878499295548
9878499328316
9878499590460
9878499623228
9878499721532
9878499754300
9878499885372
9878500016444
9878500081980
9878500147516
9878500409660
9878500507964
9878500540732
9878500606268
9878500671804
9878500966716
9878500999484
9878501065020
9878501359932
9878501392700
9878501491004
9878501753148
9878501851452
9878501949756
9878502015292
9878502113596
9878502408508
9878502506812
9878502572348
9878502670652
9878502965564
9878503227708
9878503293244
9878503391548
9878503620924
9878503653692
9878503817532
9878504571196
9878504636732
9878504767804
9878504800572
9878505062716
9878505128252
9878505193788
9878505324860
9878505455932
9878505619772
9878505816380
9878505947452
9878506307900
9878506602812
9878506635580
9878506733884
9878507258172
9878507290940
9878507782460
9878508011836
9878508110140
9878508372284
9878508503356
9878508798268
9878508831036
9878509060412
9878509158716
9878509388092
9878509420860
9878509715772
9878509781308
9878509945148
9878510141756
9878510305596
9878510436668
9878510862652
9878510895420
9878511026492
9878511223100
9878511354172
9878511386940
9878511747388
9878511976764
9878512140604
9878512304444
9878512632124
9878512697660
9878512992572
9878513385788
9878513451324
9878513516860
9878513779004
9878513942844
9878514237756
9878514336060
9878514368828
9878514565436
9878514729276
9878515089724
9878515188028
9878515286332
9878515351868
9878515614012
9878515908924
9878516105532
9878516367676
9878516400444
9878516597052
9878516662588
9878517285180
9878517350716
9878517645628
9878517842236
9878517973308
9878518235452
9878518464828
9878518497596
9878518530364
9878518694204
9878518726972
9878519054652
9878519185724
9878519218492
9878519513404
9878519546172
9878519742780
9878519775548
9878520004924
9878520103228
9878520267068
9878520660284
9878520791356
9878520955196
9878521184572
9878521250108
9878521577788
9878521643324
9878521708860
9878521905468
9878522134844
9878522200380
9878522233148
9878522265916
9878522659132
9878522757436
9878522921276
9878523117884
9878523150652
9878523183420
9878523216188
9878523478332
9878523576636
9878523609404
9878523642172
9878523674940
9878523871548
9878524002620
9878524231996
9878524428604
9878524559676
9878524625212
9878524821820
9878524854588
9878524887356
9878525051196
9878525182268
9878525215036
9878525247804
9878525378876
9878525542716
9878525739324
9878525870396
9878525968700
9878526034236
9878526329148
9878526394684
9878526492988
9878526525756
9878526722364
9878526755132
9878527017276
9878527050044
9878527115580
9878527279420
9878527377724
9878527410492
9878527443260
9878527902012
9878528065852
9878528229692
9878528360764
9878528524604
9878528721212
9878528753980
9878528786748
9878528852284
9878528885052
9878529245500
9878529278268
9878529343804
9878529442108
9878529474876
9878529704252
9878529769788
9878529966396
9878530031932
9878530097468
9878530163004
9878530228540
9878530392380
9878530523452
9878530654524
9878530687292
9878530785596
9878530883900
9878531113276
9878531146044
9878531178812
9878531408188
9878531604796
9878531670332
9878531801404
9878531866940
9878532063548
9878532096316
9878532161852
9878532358460
9878532522300
9878532555068
9878532686140
9878532718908
9878532817212
9878532948284
9878533013820
9878533308732
9878533341500
9878533505340
9878533538108
9878533636412
9878533865788
9878533996860
9878534160700
9878534259004
9878534324540
9878534390076
9878534488380
9878534586684
9878534848828
9878534947132
9878534979900
9878535110972
9878535176508
9878535209276
9878535766332
9878535864636
9878535930172
9878536126780
9878536159548
9878536421692
9878536552764
9878536618300
9878536683836
9878536945980
9878537077052
9878537568572
9878537732412
9878537797948
9878538125628
9878538322236
9878538387772
9878538584380
9878538617148
9878538912060
9878538977596
9878539108668
9878539403580
9878539469116
9878539632956
9878539665724
9878539895100
9878540091708
9878540255548
9878540321084
9878540484924
9878540812604
9878540845372
9878541074748
9878541336892
9878541369660
9878541795644
9878541959484
9878542156092
9878542221628
9878542582076
9878542614844
9878542811452
9878542844220
9878543040828
9878543171900
9878543401276
9878543434044
9878543663420
9878543728956
9878543925564
9878544286012
9878544449852
9878544580924
9878544646460
9878544711996
9878545006908
9878545170748
9878545236284
9878545334588
9878545498428
9878545531196
9878545662268
9878545891644
9878545924412
9878546153788
9878546284860
9878546514236
9878546547004
9878546940220
9878546972988
9878547104060
9878547169596
9878547530044
9878547661116
9878547726652
9878547824956
9878548087100
9878548250940
9878548283708
9878548644156
9878548775228
9878548840764
9878548906300
9878549004604
9878549233980
9878549299516
9878549463356
9878549627196
9878549725500
9878549791036
9878549823804
9878550151484
9878550217020
9878550282556
9878550511932
9878550643004
9878550708540
9878550937916
9878550970684
9878551200060
9878551331132
9878551429436
9878551494972
9878551855420
9878551888188
9878551986492
9878552084796
9878552314172
9878552379708
9878552576316
9878552641852
9878552838460
9878552936764
9878553035068
9878553231676
9878553395516
9878553428284
9878553624892
9878553919804
9878553952572
9878554378556
9878554411324
9878554476860
9878554640700
9878555033916
9878555132220
9878555164988
9878555459900
9878555492668
9878555820348
9878555885884
9878556016956
9878556213564
9878556311868
9878556410172
9878556541244
9878557131068
9878557163836
9878557262140
9878557622588
9878557688124
9878557753660
9878558015804
9878558343484
9878558376252
9878558638396
9878558671164
9878558900540
9878558933308
9878558998844
9878559326524
9878559359292
9878559392060
9878559785276
9878559818044
9878560080188
9878560276796
9878560309564
9878560866620
9878560899388
9878560964924
9878561063228
9878561325372
9878561489212
9878561521980
9878561980732
9878562013500
9878562079036
9878562308412
9878562406716
9878562537788
9878562668860
9878562865468
9878563029308
9878563094844
9878563455292
9878563488060
9878564077884
9878564569404
9878564733244
9878565028156
9878565093692
9878565224764
9878565683516
9878565749052
9878565781820
9878565814588
9878566175036
9878566207804
9878566240572
9878566404412
9878566732092
9878566863164
9878566928700
9878567059772
9878567223612
9878567256380
9878567518524
9878567616828
9878567780668
9878567944508
9878568239420
9878568403260
9878568599868
9878568698172
9878568829244
9878568960316
9878569091388
9878569287996
9878569353532
9878569517372
9878569746748
9878569845052
9878570041660
9878570172732
9878570271036
9878570664252
9878570991932
9878571581756
9878571680060
9878571942204
9878572237116
9878572269884
9878572794172
9878573416764
9878573711676
9878574170428
9878574203196
9878574235964
9878574399804
9878574760252
9878575219004
9878575513916
9878575612220
9878575776060
9878576300348
9878576595260
9878576955708
9878577119548
9878577250620
9878577381692
9878577578300
9878577709372
9878578594108
9878578626876
9878578659644
9878578790716
9878579380540
9878579609916
9878579708220
9878579937596
9878579970364
9878580166972
9878580527420
9878580691260
9878580789564
9878580822332
9878581051708
9878581117244
9878581412156
9878581674300
9878581870908
9878582165820
9878582427964
9878582460732
9878582853948
9878582886716
9878583148860
9878583312700
9878583542076
9878583705916
9878583869756
9878584262972
9878584787260
9878584951100
9878585049404
9878585344316
9878585606460
9878585671996
9878585966908
9878586294588
9878586425660
9878586753340
9878586818876
9878587212092
9878587244860
9878587507004
9878587670844
9878588260668
9878588293436
9878588752188
9878589210940
9878589342012
9878589407548
9878589505852
9878589571388
9878591144252
9878591570236
9878591603004
9878592422204
9878592651580
9878593634620
9878594289980
9878594322748
9878594650428
9878594683196
9878594715964
9878594847036
9878595207484
9878595240252
9878595338556
9878595535164
9878595567932
9878595961148
9878596026684
9878596190524
9878596387132
9878596485436
9878596813116
9878596911420
9878597108028
9878597435708
9878597501244
9878597763388
9878597894460
9878598156604
9878598484284
9878598615356
9878598648124
9878598877500
9878599237948
9878599336252
9878599467324
9878599532860
9878599827772
9878599860540
9878600122684
9878600253756
9878600319292
9878600384828
9878600581436
9878600712508
9878600778044
9878600810812
9878600974652
9878601302332
9878601498940
9878601531708
9878601564476
9878601924924
9878602088764
9878602318140
9878602580284
9878602776892
9878602973500
9878603039036
9878603235644
9878603465020
9878603628860
9878603661628
9878603956540
9878603989308
9878604349756
9878604448060
9878604480828
9878604677436
9878604972348
9878605168956
9878605300028
9878605431100
9878606119228
9878606184764
9878606381372
9878606610748
9878606676284
9878607003964
9878607036732
9878607102268
9878607397180
9878607692092
9878607757628
9878607954236
9878608249148
9878608314684
9878608511292
9878608675132
9878608871740
9878609068348
9878609199420
9878609297724
9878609461564
9878609559868
9878609592636
9878610018620
9878610051388
9878610247996
9878610346300
9878610542908
9878610608444
9878610870588
9878611099964
9878611231036
9878611296572
9878611394876
9878611493180
9878611951932
9878611984700
9878612050236
9878612214076
9878612312380
9878612705596
9878612738364
9878612836668
9878613295420
9878613426492
9878613492028
9878613655868
9878613688636
9878614114620
9878614180156
9878614245692
9878614343996
9878614573372
9878614606140
9878615687484
9878615785788
9878616015164
9878616080700
9878616408380
9878616637756
9878616965436
9878616998204
9878617227580
9878617260348
9878617489724
9878617522492
9878617620796
9878617817404
9878618014012
9878618276156
9878618341692
9878618538300
9878618702140
9878618865980
9878619160892
9878619193660
9878619357500
9878619717948
9878619914556
9878619947324
9878620143932
9878620340540
9878620635452
9878620668220
9878620832060
9878620963132
9878621159740
9878621225276
9878621356348
9878621749564
9878621880636
9878621946172
9878622241084
9878622437692
9878622601532
9878622667068
9878623027516
9878623191356
9878623486268
9878623617340
9878623781180
9878623912252
9878624076092
9878624141628
9878624174396
9878624371004
9878624600380
9878624731452
9878624764220
9878624862524
9878625124668
9878625190204
9878625354044
9878625485116
9878625714492
9878625812796
9878625845564
9878625878332
9878626140476
9878626304316
9878626402620
9878626468156
9878626533692
9878626566460
9878626664764
9878626730300
9878626763068
9878626959676
9878627025212
9878627090748
9878627221820
9878627320124
9878627582268
9878627647804
9878627778876
9878627811644
9878627844412
9878628106556
9878628303164
9878628335932
9878628368700
9878628630844
9878628663612
9878628794684
9878628827452
9878628860220
9878629024060
9878629089596
9878629155132
9878630367548
9878630400316
9878630596924
9878630662460
9878630990140
9878631317820
9878631481660
9878631809340
9878632169788
9878632268092
9878632300860
9878632333628
9878632366396
9878632563004
9878632661308
9878632759612
9878632792380
9878633021756
9878633120060
9878633152828
9878633578812
9878633644348
9878633709884
9878633742652
9878633906492
9878634004796
9878634070332
9878634299708
9878634365244
9878634496316
9878634594620
9878634627388
9878634725692
9878634955068
9878635020604
9878635086140
9878635118908
9878635413820
9878635544892
9878635577660
9878635741500
9878635807036
9878635839804
9878636003644
9878636101948
9878636134716
9878636200252
9878636691772
9878636724540
9878636790076
9878636888380
9878637117756
9878637183292
9878637281596
9878637510972
9878637576508
9878637707580
9878637773116
9878637871420
9878638035260
9878638068028
9878638264636
9878638330172
9878638362940
9878638723388
9878638821692
9878638854460
9878638919996
9878639051068
9878639280444
9878639378748
9878639608124
9878639870268
9878640066876
9878640132412
9878640263484
9878640329020
9878640525628
9878640558396
9878640656700
9878640853308
9878640886076
9878640951612
9878641148220
9878641344828
9878641443132
9878641574204
9878641639740
9878641672508
9878641901884
9878641934652
9878642098492
9878642131260
9878642164028
9878642393404
9878642426172
9878642491708
9878642622780
9878642688316
9878642753852
9878642819388
9878642852156
9878642983228
9878643114300
9878643147068
9878643179836
9878643245372
9878643310908
9878643671356
9878643736892
9878643769660
9878644392252
9878644457788
9878644588860
9878644621628
9878645145916
9878645276988
9878645473596
9878645571900
9878645834044
9878646030652
9878646325564
9878646489404
9878646915388
9878647079228
9878647144764
9878647275836
9878647537980
9878647669052
9878647734588
9878648029500
9878648062268
9878648193340
9878648324412
9878648553788
9878648619324
9878648684860
9878648783164
9878648947004
9878649110844
9878649209148
9878649405756
9878649504060
9878649831740
9878649995580
9878650093884
9878651011388
9878651076924
9878651142460
9878651339068
9878651470140
9878652158268
9878652191036
9878652420412
9878652584252
9878652780860
9878653272380
9878653403452
9878653632828
9878653796668
9878653894972
9878654320956
9878654484796
9878654583100
9878654976316
9878655107388
9878655598908
9878655828284
9878655992124
9878656483644
9878656647484
9878656745788
9878656778556
9878657204540
9878657302844
9878657368380
9878657564988
9878657597756
9878657859900
9878657990972
9878658089276
9878658318652
9878658351420
9878658515260
9878658941244
9878659072316
9878659170620
9878659334460
9878659432764
9878659891516
9878659957052
9878660612412
9878660645180
9878660710716
9878660907324
9878660972860
9878661202236
9878661366076
9878661497148
9878661628220
9878662021436
9878662086972
9878662119740
9878662152508
9878662447420
9878662676796
9878662775100
9878663037244
9878663102780
9878663463228
9878663528764
9878663790908
9878663823676
9878663921980
9878664216892
9878664249660
9878664446268
9878664511804
9878664905020
9878664937788
9878665036092
9878665232700
9878665396540
9878665494844
9878665625916
9878665724220
9878665822524
9878666051900
9878666117436
9878666379580
9878666510652
9878666543420
9878666707260
9878666838332
9878666936636
9878667100476
9878667133244
9878667166012
9878667297084
9878667526460
9878667919676
9878667952444
9878667985212
9878668083516
9878668476732
9878668542268
9878668607804
9878668640572
9878668935484
9878669033788
9878669394236
9878669427004
9878669656380
9878669852988
9878670049596
9878670246204
9878670377276
9878670573884
9878670737724
9878670836028
9878670967100
9878671098172
9878671196476
9878671327548
9878671491388
9878671819068
9878671884604
9878672048444
9878672703804
9878672802108
9878672867644
9878673359164
9878673654076
9878673719612
9878674014524
9878674211132
9878674243900
9878674473276
9878674506044
9878674833724
9878674899260
9878675030332
9878675325244
9878675652924
9878675816764
9878676111676
9878676177212
9878676472124
9878676537660
9878676701500
9878676734268
9878677127484
9878677225788
9878677291324
9878678405436
9878678569276
9878678831420
9878679650620
9878680043836
9878680273212
9878680535356
9878680699196
9878681026876
9878681485628
9878681747772
9878681780540
9878681846076
9878682435900
9878682829116
9878683156796
9878683189564
9878683353404
9878683713852
9878683779388
9878684762428
9878684991804
9878685057340
9878685450556
9878686466364
9878686630204
9878687220028
9878687351100
9878687383868
9878687547708
9878687875388
9878688891196
9878689382716
9878689612092
9878690758972
9878691021116
9878692561212
9878692757820
9878692823356
9878693052732
9878694560060
9878694592828
9878694986044
9878695805244
9878696395068
9878697050428
9878697574716
9878697738556
9878697836860
9878697869628
9878698066236
9878698131772
9878698262844
9878698361148
9878698590524
9878698721596
9878698754364
9878698819900
9878698950972
9878698983740
9878699180348
9878699540796
9878699704636
9878699737404
9878700196156
9878700228924
9878700654908
9878700917052
9878701080892
9878701408572
9878701703484
9878701867324
9878701932860
9878702031164
9878702293308
9878702391612
9878702850364
9878703145276
9878703341884
9878703472956
9878705340732
9878706946364
9878707077436
9878707306812
9878708879676
9878708912444
9878709240124
9878710026556
9878710681916
9878711009596
9878712254780
9878712549692
9878713827644
9878714155324
9878714614076
9878715531580
9878715597116
9878716580156
9878717006140
9878717825340
9878718939452
9878718972220
9878719824188
9878720512316
9878721102140
9878721429820
9878722183484
9878723658044
9878723887420
9878723952956
9878725460284
9878725820732
9878726607164
9878727393596
9878728343868
9878728966460
9878730309948
9878730703164
9878731456828
9878731555132
9878732013884
9878732243260
9878732276028
9878732833084
9878733160764
9878733259068
9878733619516
9878733717820
9878733979964
9878734209340
9878734274876
9878734373180
9878734438716
9878734733628
9878734995772
9878735028540
9878735094076
9878735159612
9878735421756
9878735487292
9878735913276
9878736044348
9878736077116
9878736175420
9878736306492
9878736372028
9878736896316
9878736929084
9878737060156
9878737322300
9878738305340
9878738633020
9878738895164
9878739714364
9878740336956
9878741156156
9878742237500
9878742696252
9878743515452
9878743744828
9878744105276
9878745284924
9878745514300
9878745874748
9878745940284
9878746169660
9878746267964
9878746726716
9878747316540
9878747382076
9878747414844
9878747676988
9878748856636
9878749348156
9878749872444
9878750265660
9878750495036
9878750593340
9878752362812
9878752428348
9878752756028
9878752854332
9878753149244
9878753640764
9878754623804
9878754853180
9878755115324
9878755475772
9878756262204
9878756426044
9878756589884
9878756753724
9878756852028
9878757212476
9878757638460
9878757966140
9878758457660
9878758719804
9878758949180
9878759571772
9878760128828
9878760948028
9878761275708
9878761308476
9878762258748
9878762324284
9878762914108
9878763045180
9878763274556
9878763929916
9878764683580
9878764814652
9878765338940
9878765371708
9878765568316
9878765601084
9878766027068
9878766092604
9878766387516
9878766780732
9878767075644
9878767370556
9878767403324
9878767599932
9878767731004
9878767796540
9878767829308
9878767993148
9878768124220
9878768222524
9878768386364
9878768451900
9878768582972
9878768845116
9878769074492
9878769238332
9878769828156
9878769860924
9878770614588
9878770942268
9878771007804
9878771663164
9878771827004
9878772384060
9878772482364
9878772515132
9878773924156
9878774350140
9878774579516
9878774645052
9878775103804
9878775202108
9878775464252
9878776054076
9878776250684
9878776676668
9878776807740
9878776938812
9878777233724
9878777266492
9878777299260
9878777692476
9878777856316
9878777889084
9878778282300
9878778511676
9878778642748
9878778773820
9878779035964
9878779199804
9878779232572
9878779658556
9878779724092
9878779855164
9878779887932
9878780182844
9878780248380
9878780739900
9878781002044
9878781133116
9878781526332
9878781559100
9878781952316
9878782279996
9878782378300
9878782837052
9878783033660
9878783263036
9878783918396
9878784246076
9878784672060
9878785622332
9878785786172
9878786146620
9878786408764
9878786441532
9878786638140
9878786769212
9878787129660
9878787162428
9878787227964
9878787260732
9878787588412
9878787817788
9878787850556
9878787916092
9878787948860
9878788440380
9878788538684
9878788636988
9878788931900
9878789128508
9878789161276
9878789194044
9878789554492
9878789652796
9878789718332
9878789751100
9878789882172
9878790209852
9878790242620
9878790340924
9878790373692
9878790471996
9878790799676
9878790865212
9878791094588
9878791192892
9878791225660
9878791422268
9878791913788
9878792012092
9878792077628
9878792143164
9878792175932
9878792536380
9878792667452
9878792732988
9878792929596
9878793060668
9878793519420
9878793716028
9878793748796
9878794207548
9878794567996
9878794666300
9878794699068
9878794928444
9878794961212
9878795256124
9878795649340
9878795747644
9878795780412
9878795813180
9878796337468
9878796566844
9878796599612
9878796796220
9878796894524
9878797025596
9878797386044
9878797517116
9878797680956
9878798106940
9878798270780
9878798500156
9878798631228
9878798663996
9878798795068
9878798926140
9878798958908
9878799057212
9878799319356
9878799483196
9878799515964
9878799843644
9878799909180
9878799974716
9878800367932
9878800466236
9878800630076
9878801711420
9878801809724
9878802334012
9878803743036
9878805872956
9878805905724
9878809313596
9878809542972
9878812262716
9878812361020
9878814818620
9878815605052
9878818586940
9878819275068
9878819635516
9878819733820
9878819930428
9878820585788
9878821011772
9878821306684
9878821339452
9878821798204
9878822027580
9878822060348
9878822551868
9878822617404
9878823108924
9878823141692
9878823502140
9878823567676
9878823633212
9878823764284
9878823960892
9878823993660
9878824059196
9878824157500
9878824485180
9878824550716
9878824583484
9878824845628
9878825075004
9878825337148
9878825468220
9878825533756
9878825566524
9878825763132
9878826058044
9878826090812
9878826156348
9878826320188
9878826484028
9878826549564
9878826811708
9878827073852
9878827172156
9878827204924
9878827303228
9878827565372
9878827696444
9878827761980
9878827794748
9878827860284
9878828122428
9878828286268
9878828351804
9878828515644
9878828581180
9878828876092
9878828974396
9878829105468
9878829367612
9878829531452
9878829564220
9878829596988
9878829826364
9878830055740
9878830252348
9878830285116
9878830350652
9878830448956
9878830842172
9878830907708
9878831006012
9878831071548
9878831268156
9878831563068
9878831595836
9878831628604
9878831825212
9878832087356
9878832120124
9878832415036
9878832447804
9878832742716
9878832841020
9878832906556
9878833037628
9878833201468
9878833496380
9878833529148
9878833594684
9878833692988
9878833725756
9878834020668
9878834250044
9878834315580
9878834381116
9878834544956
9878834643260
9878834708796
9878835167548
9878835298620
9878835560764
9878835626300
9878835691836
9878835790140
9878836052284
9878836085052
9878836379964
9878836412732
9878836642108
9878836674876
9878836805948
9878837002556
9878837100860
9878837264700
9878837428540
9878837657916
9878837854524
9878838509884
9878839099708
9878839230780
9878844539196
9878845587772
9878847127868
9878848831804
9878849061180
9878849323324
9878849552700
9878849978684
9878850240828
9878850306364
9878850502972
9878850634044
9878850732348
9878850797884
9878851092796
9878851191100
9878851453244
9878851486012
9878851518780
9878851715388
9878851879228
9878852436284
9878853386556
9878853517628
9878853648700
9878853910844
9878854140220
9878854271292
9878854304060
9878854631740
9878854795580
9878854959420
9878855024956
9878855156028
9878855319868
9878855418172
9878855450940
9878856007996
9878857220412
9878858989884
9878859186492
9878859514172
9878861283644
9878863544636
9878863774012
9878865183036
9878866067772
9878866297148
9878866886972
9878867345724
9878868164924
9878868230460
9878868656444
9878868984124
9878869016892
9878869082428
9878869147964
9878869279036
9878869410108
9878869508412
9878869606716
9878869737788
9878870065468
9878870098236
9878870196540
9878870393148
9878870589756
9878870819132
9878870982972
9878871048508
9878871081276
9878871212348
9878871474492
9878871605564
9878871638332
9878872097084
9878872162620
9878872326460
9878872359228
9878872686908
9878872785212
9878872817980
9878873047356
9878873112892
9878873243964
9878873309500
9878874095932
9878874161468
9878874227004
9878874325308
9878874718524
9878874784060
9878875013436
9878875341116
9878875439420
9878875668796
9878875832636
9878875963708
9878876029244
9878876324156
9878876520764
9878876684604
9878876815676
9878877176124
9878877274428
9878877536572
9878877569340
9878877667644
9878877929788
9878878028092
9878878159164
9878878224700
9878878290236
9878878519612
9878878748988
9878878847292
9878878945596
9878879011132
9878879371580
9878879633724
9878879830332
9878879994172
9878880026940
9878880387388
9878880583996
9878880682300
9878880747836
9878880977212
9878881337660
9878881861948
9878882058556
9878882287932
9878882386236
9878882648380
9878884057404
9878884548924
9878884712764
9878884876604
9878885237052
9878885466428
9878885728572
9878885826876
9878885892412
9878886285628
9878886515004
9878886777148
9878887137596
9878887530812
9878887792956
9878888448316
9878888612156
9878889627964
9878889693500
9878889824572
9878889857340
9878889988412
9878890217788
9878890283324
9878890381628
9878890447164
9878890905916
9878891036988
9878891102524
9878891397436
9878891561276
9878891725116
9878892118332
9878892183868
9878892314940
9878892478780
9878892839228
9878893527356
9878894772540
9878895067452
9878897787196
9878898180412
9878898245948
9878898540860
9878899065148
9878899130684
9878899818812
9878900080956
9878900146492
9878900179260
9878900638012
9878900736316
9878901063996
9878901096764
9878901227836
9878901424444
9878901457212
9878902210876
9878902309180
9878902440252
9878902636860
9878903161148
9878903259452
9878903652668
9878904013116
9878904209724
9878904340796
9878904373564
9878904537404
9878904602940
9878904668476
9878905094460
9878905225532
9878905291068
9878905323836
9878905651516
9878905684284
9878905717052
9878905815356
9878905979196
9878906241340
9878906306876
9878906667324
9878906700092
9878907060540
9878907224380
9878907289916
9878907355452
9878907388220
9878907715900
9878907748668
9878908010812
9878908174652
9878908305724
9878908338492
9878908567868
9878908666172
9878909026620
9878909124924
9878909157692
9878909288764
9878909485372
9878909616444
9878909649212
9878909714748
9878909780284
9878909911356
9878909944124
9878910271804
9878910697788
9878910763324
9878910796092
9878911254844
9878911549756
9878911746364
9878911942972
9878912008508
9878912106812
9878912172348
9878912336188
9878912532796
9878912598332
9878912663868
9878912794940
9878912827708
9878912893244
9878912958780
9878913155388
9878913253692
9878913351996
9878913417532
9878913483068
9878913679676
9878913810748
9878914105660
9878914236732
9878914302268
9878914367804
9878914400572
9878914498876
9878914662716
9878914859324
9878914990396
9878915055932
9878915416380
9878915449148
9878915580220
9878915842364
9878915973436
9878916038972
9878916104508
9878916497724
9878916530492
9878916563260
9878916792636
9878917022012
9878917284156
9878917415228
9878917447996
9878917775676
9878917873980
9878917972284
9878918005052
9878918267196
9878918365500
9878918431036
9878918725948
9878918758716
9878918889788
9878919086396
9878919184700
9878919217468
9878919315772
9878919610684
9878919643452
9878919774524
9878919840060
9878919938364
9878920200508
9878920331580
9878920462652
9878920560956
9878920659260
9878920888636
9878921019708
9878921118012
9878921216316
9878921380156
9878921609532
9878921773372
9878921904444
9878922068284
9878922101052
9878922199356
9878922264892
9878922494268
9878922527036
9878922953020
9878923084092
9878923215164
9878923542844
9878923575612
9878923772220
9878923903292
9878923936060
9878924034364
9878924132668
9878924230972
9878924362044
9878924427580
9878924460348
9878924558652
9878924689724
9878924755260
9878925017404
9878925148476
9878925443388
9878925607228
9878925672764
9878925738300
9878925967676
9878926098748
9878926131516
9878926229820
9878926360892
9878926557500
9878926590268
9878926754108
9878926819644
9878927016252
9878927114556
9878927180092
9878927311164
9878927507772
9878927573308
9878927606076
9878927802684
9878927900988
9878927999292
9878928064828
9878928294204
9878928425276
9878928556348
9878928589116
9878928687420
9878928818492
9878929277244
9878929310012
9878929506620
9878929801532
9878929834300
9878929867068
9878930096444
9878930129212
9878930325820
9878930456892
9878930653500
9878931112252
9878931210556
9878931243324
9878931276092
9878931636540
9878931734844
9878931767612
9878932324668
9878932685116
9878932816188
9878933176636
9878933209404
9878933897532
9878933963068
9878934028604
9878934290748
9878934421820
9878934552892
9878934749500
9878934815036
9878935142716
9878935241020
9878935437628
9878935699772
9878935765308
9878935961916
9878936256828
9878936420668
9878936486204
9878936617276
9878936977724
9878937010492
9878937370940
9878937502012
9878937764156
9878937862460
9878937993532
9878938026300
9878938321212
9878938550588
9878938648892
9878938779964
9878938943804
9878939074876
9878939238716
9878939271484
9878939468092
9878939631932
9878939959612
9878939992380
9878940057916
9878940156220
9878940221756
9878940582204
9878940614972
9878940713276
9878940778812
9878940844348
9878941008188
9878941237564
9878941270332
9878941303100
9878941696316
9878941761852
9878942023996
9878942253372
9878942286140
9878942384444
9878943007036
9878943105340
9878943203644
9878943269180
9878943826236
9878943891772
9878944121148
9878944219452
9878944350524
9878944383292
9878944710972
9878944842044
9878944874812
9878944940348
9878945071420
9878945530172
9878945661244
9878945923388
9878946021692
9878946119996
9878946349372
9878946414908
9878946545980
9878946611516
9878946840892
9878946971964
9878947004732
9878947332412
9878947463484
9878947529020
9878947627324
9878947791164
9878947823932
9878948053308
9878948086076
9878948118844
9878948217148
9878948348220
9878948446524
9878948643132
9878948839740
9878948938044
9878949036348
9878949167420
9878949298492
9878949429564
9878949495100
9878949593404
9878949626172
9878949691708
9878949855548
9878949888316
9878949921084
9878950183228
9878950215996
9878950281532
9878950379836
9878950478140
9878950543676
9878950576444
9878950609212
9878950838588
9878950871356
9878950969660
9878951067964
9878951166268
9878951330108
9878951395644
9878951428412
9878951493948
9878951657788
9878951690556
9878951821628
9878951854396
9878951985468
9878952083772
9878952182076
9878952313148
9878952345916
9878952411452
9878952575292
9878952739132
9878952804668
9878952837436
9878952935740
9878952968508
9878953034044
9878953328956
9878953558332
9878953689404
9878953951548
9878953984316
9878954017084
9878954082620
9878954115388
9878954344764
9878954377532
9878954475836
9878954541372
9878955000124
9878955131196
9878955163964
9878955327804
9878955360572
9878955524412
9878955622716
9878955721020
9878955884860
9878955917628
9878955950396
9878955983164
9878956048700
9878956278076
9878956310844
9878956343612
9878956409148
9878956441916
9878956704060
9878956867900
9878957064508
9878957228348
9878957293884
9878957326652
9878957424956
9878957719868
9878957883708
9878957916476
9878958145852
9878958178620
9878958309692
9878958473532
9878958670140
9878958866748
9878959063356
9878959128892
9878959292732
9878959391036
9878959456572
9878959587644
9878960046396
9878960111932
9878960341308
9878960570684
9878960767292
9878960800060
9878961029436
9878961094972
9878961357116
9878961815868
9878962045244
9878962405692
9878962700604
9878962831676
9878963061052
9878963290428
9878963323196
9878963421500
9878963585340
9878963781948
9878964044092
9878964207932
9878964371772
9878964404540
9878964535612
9878965092668
9878965125436
9878965190972
9878965256508
9878965748028
9878965846332
9878965911868
9878965977404
9878966042940
9878966206780
9878966501692
9878966665532
9878966698300
9878966763836
9878966927676
9878967058748
9878967222588
9878967288124
9878967550268
9878967583036
9878967615804
9878967877948
9878968074556
9878968205628
9878968303932
9878968500540
9878968664380
9878968697148
9878969024828
9878969057596
9878969483580
9878969549116
9878969712956
9878970007868
9878970270012
9878970335548
9878970499388
9878970597692
9878970958140
9878971154748
9878971580732
9878971646268
9878971908412
9878971941180
9878972137788
9878972465468
9878972694844
9878972727612
9878972924220
9878973055292
9878973120828
9878973317436
9878973645116
9878973776188
9878974103868
9878974136636
9878974366012
9878974726460
9878974857532
9878975349052
9878975709500
9878975742268
9878975840572
9878976037180
9878976102716
9878976201020
9878976266556
9878976659772
9878976856380
9878976987452
9878977020220
9878977118524
9878977347900
9878977478972
9878977642812
9878977708348
9878977970492
9878978330940
9878978462012
9878978494780
9878978560316
9878979019068
9878979051836
9878979150140
9878979182908
9878979313980
9878979543356
9878979739964
9878979838268
9878979903804
9878980067644
9878980133180
9878980460860
9878980526396
9878980624700
9878980821308
9878980985148
9878981050684
9878981247292
9878981411132
9878981443900
9878981542204
9878981640508
9878982000956
9878982164796
9878982197564
9878982328636
9878982492476
9878982558012
9878982852924
9878982918460
9878982951228
9878983246140
9878983377212
9878983442748
9878983475516
9878983508284
9878983672124
9878984065340
9878984196412
9878984294716
9878984327484
9878984524092
9878984556860
9878984786236
9878984917308
9878985015612
9878985048380
9878985113916
9878985343292
9878985605436
9878985769276
9878985867580
9878985998652
9878986260796
9878986424636
9878986555708
9878986588476
9878986817852
9878986883388
9878987079996
9878987243836
9878987342140
9878987505980
9878987604284
9878987899196
9878987931964
9878987964732
9878988325180
9878988489020
9878988652860
9878988718396
9878988947772
9878989111612
9878989209916
9878989537596
9878989635900
9878989701436
9878989799740
9878990127420
9878990160188
9878990192956
9878990455100
9878990717244
9878990782780
9878990913852
9878990946620
9878991208764
9878991307068
9878991339836
9878991438140
9878991503676
9878991700284
9878991929660
9878992027964
9878992060732
9878992290108
9878992453948
9878992486716
9878992519484
9878992748860
9878992879932
9878993109308
9878993273148
9878993305916
9878993436988
9878993502524
9878993568060
9878993961276
9878994092348
9878994125116
9878994288956
9878994420028
9878994649404
9878994878780
9878994911548
9878994944316
9878995206460
9878995239228
9878995763516
9878996058428
9878996123964
9878996386108
9878997500220
9878997926204
9878998221116
9878998352188
9878998942012
9878999269692
9878999335228
9878999531836
9878999695676
9879000023356
9879000449340
9879000711484
9879000777020
9879000842556
9879001563452
9879001596220
9879001760060
9879001891132
9879002054972
9879002382652
9879002513724
9879002743100
9879002808636
9879004315964
9879004873020
9879005692220
9879006183740
9879006282044
9879006839100
9879007134012
9879007265084
9879007559996
9879007691068
9879007920444
9879008280892
9879008575804
9879008674108
9879008706876
9879009132860
9879009460540
9879009624380
9879009722684
9879010017596
9879010050364
9879010345276
9879010410812
9879010476348
9879010509116
9879010574652
9879011230012
9879011328316
9879011459388
9879011623228
9879011688764
9879012114748
9879012278588
9879012442428
9879012475196
9879012802876
9879013196092
9879013392700
9879013458236
9879013589308
9879013687612
9879014211900
9879014277436
9879014474044
9879014572348
9879014768956
9879014998332
9879015063868
9879015424316
9879015457084
9879015489852
9879015588156
9879016046908
9879016210748
9879016243516
9879016440124
9879016472892
9879016735036
9879016866108
9879016931644
9879017029948
9879017259324
9879017324860
9879017783612
9879017947452
9879018045756
9879018275132
9879018340668
9879018635580
9879018733884
9879018864956
9879019028796
9879019290940
9879019389244
9879019684156
9879019815228
9879020175676
9879020208444
9879020503356
9879020536124
9879020667196
9879020994876
9879021027644
9879021158716
9879021584700
9879021650236
9879021814076
9879021945148
9879022010684
9879022141756
9879022207292
9879022633276
9879022698812
9879022862652
9879022960956
9879023059260
9879023288636
9879023485244
9879023550780
9879023878460
9879024337212
9879024402748
9879024533820
9879025090876
9879025549628
9879025582396
9879025615164
9879025746236
9879025877308
9879026073916
9879026204988
9879026336060
9879026401596
9879026467132
9879026729276
9879026794812
9879027024188
9879027056956
9879027122492
9879027286332
9879027614012
9879027810620
9879027876156
9879028072764
9879028302140
9879028564284
9879028662588
9879028728124
9879028924732
9879028990268
9879029711164
9879029842236
9879029875004
9879030071612
9879030235452
9879030399292
9879030464828
9879030726972
9879030759740
9879031054652
9879031087420
9879031185724
9879031415100
9879031644476
9879031808316
9879031906620
9879031939388
9879032398140
9879032561980
9879032856892
9879033020732
9879033676092
9879033708860
9879033971004
9879034134844
9879034331452
9879034462524
9879034560828
9879034790204
9879034822972
9879035216188
9879035281724
9879035380028
9879035543868
9879035642172
9879036166460
9879036363068
9879036395836
9879036428604
9879036821820
9879036920124
9879036985660
9879037313340
9879037542716
9879037739324
9879038001468
9879038656828
9879038984508
9879039443260
9879039476028
9879039770940
9879040000316
9879040131388
9879040164156
9879040229692
9879040360764
9879040524604
9879040557372
9879040655676
9879040786748
9879041048892
9879041081660
9879041147196
9879041343804
9879041376572
9879041474876
9879041835324
9879041900860
9879042294076
9879042425148
9879042457916
9879042588988
9879042621756
9879042851132
9879042949436
9879043014972
9879043047740
9879043440956
9879043539260
9879043637564
9879043834172
9879043965244
9879044325692
9879044358460
9879044391228
9879044456764
9879044587836
9879044849980
9879045112124
9879045243196
9879045341500
9879045374268
9879045636412
9879045701948
9879046095164
9879046127932
9879046357308
9879046521148
9879046553916
9879047078204
9879047110972
9879047274812
9879047307580
9879047373116
9879047602492
9879047864636
9879047930172
9879048126780
9879048192316
9879048257852
9879048454460
9879048683836
9879048716604
9879048880444
9879049011516
9879049044284
9879049077052
9879049273660
9879049339196
9879049535804
9879049765180
9879049830716
9879049896252
9879049929020
9879050256700
9879050551612
9879050649916
9879050813756
9879050912060
9879051239740
9879051600188
9879051665724
9879051862332
9879052255548
9879052386620
9879052714300
9879052747068
9879052812604
9879052976444
9879053467964
9879053500732
9879053599036
9879053926716
9879054221628
9879054385468
9879054549308
9879054811452
9879055106364
9879055532348
9879055892796
9879056122172
9879056351548
9879056580924
9879056744764
9879057465660
9879057629500
9879057891644
9879058186556
9879058841916
9879059300668
9879059366204
9879059464508
9879060087100
9879060283708
9879060775228
9879060873532
9879061299516
9879061332284
9879062151484
9879062249788
9879062577468
9879062774076
9879063003452
9879063134524
9879063167292
9879063232828
9879063626044
9879063789884
9879063953724
9879064478012
9879065035068
9879065887036
9879065919804
9879066018108
9879066181948
9879066378556
9879066640700
9879066771772
9879067492668
9879067951420
9879068246332
9879068442940
9879068836156
9879068868924
9879068999996
9879069294908
9879069393212
9879069819196
9879070900540
9879071162684
9879071654204
9879071916348
9879072178492
9879072276796
9879072899388
9879072997692
9879073128764
9879073259836
9879073718588
9879073784124
9879074046268
9879074603324
9879074734396
9879075455292
9879076208956
9879076471100
9879076503868
9879076766012
9879076831548
9879077126460
9879077257532
9879077945660
9879078175036
9879078207804
9879078732092
9879078764860
9879078863164
9879079256380
9879079420220
9879079485756
9879079944508
9879080173884
9879081222460
9879081320764
9879081779516
9879081910588
9879082139964
9879082402108
9879082762556
9879082860860
9879082926396
9879083024700
9879083548988
9879083647292
9879083811132
9879083876668
9879084106044
9879084171580
9879084532028
9879084564796
9879084663100
9879084794172
9879085187388
9879085383996
9879085482300
9879085646140
9879085941052
9879086137660
9879086793020
9879087120700
9879087186236
9879087317308
9879087907132
9879088136508
9879088267580
9879088660796
9879088857404
9879089054012
9879089086780
9879089217852
9879089512764
9879089611068
9879089742140
9879090102588
9879091085628
9879091151164
9879091577148
9879091937596
9879092199740
9879092363580
9879092658492
9879092691260
9879093150012
9879093248316
9879093575996
9879093870908
9879094493500
9879096328508
9879097377084
9879097508156
9879097737532
9879098229052
9879098491196
9879098687804
9879098753340
9879099474236
9879099670844
9879100981564
9879101112636
9879101767996
9879101800764
9879102030140
9879102849340
9879103013180
9879103144252
9879103865148
9879103897916
9879104684348
9879104815420
9879105143100
9879105700156
9879106027836
9879106093372
9879106519356
9879107043644
9879107240252
9879107371324
9879107404092
9879108092220
9879108124988
9879108288828
9879109075260
9879109140796
9879109468476
9879109796156
9879110189372
9879111074108
9879111205180
9879111729468
9879112319292
9879112679740
9879112778044
9879112843580
9879113040188
9879113564476
9879113662780
9879113859388
9879113892156
9879114613052
9879114678588
9879114809660
9879115366716
9879115465020
9879115694396
9879115923772
9879115989308
9879116480828
9879116546364
9879116579132
9879116644668
9879117267260
9879117300028
9879117398332
9879117529404
9879117824316
9879117889852
9879118217532
9879118315836
9879118479676
9879118938428
9879118971196
9879119036732
9879119659324
9879120019772
9879120052540
9879120380220
9879120576828
9879120740668
9879121101116
9879121297724
9879121363260
9879121920316
9879122018620
9879122215228
9879122510140
9879122641212
9879122870588
9879123362108
9879123657020
9879123722556
9879123755324
9879123788092
9879124050236
9879124410684
9879124640060
9879124705596
9879124803900
9879124836668
9879125524796
9879125623100
9879125721404
9879125885244
9879126343996
9879126540604
9879126737212
9879127097660
9879127392572
9879127425340
9879127490876
9879127687484
9879128047932
9879128080700
9879128375612
9879128506684
9879128637756
9879128965436
9879129129276
9879129293116
9879129391420
9879129751868
9879130014012
9879130243388
9879130276156
9879130538300
9879130636604
9879130669372
9879130964284
9879131291964
9879131390268
9879131488572
9879131685180
9879131717948
9879131980092
9879132078396
9879132143932
9879132569916
9879132602684
9879132700988
9879133028668
9879133225276
9879133421884
9879133651260
9879134175548
9879134372156
9879134601532
9879135191356
9879135453500
9879135551804
9879136207164
9879136371004
9879136502076
9879136567612
9879136600380
9879137059132
9879137124668
9879137321276
9879137419580
9879137911100
9879138009404
9879138206012
9879138271548
9879138894140
9879138926908
9879139156284
9879139254588
9879139352892
9879139549500
9879139647804
9879139713340
9879140008252
9879140106556
9879140172092
9879140204860
9879140303164
9879140532540
9879140729148
9879141024060
9879141155132
9879141351740
9879141384508
9879141515580
9879141613884
9879141941564
9879142072636
9879142203708
9879142531388
9879142564156
9879142596924
9879142727996
9879142990140
9879143088444
9879143285052
9879143317820
9879143678268
9879143711036
9879143874876
9879144137020
9879144202556
9879144268092
9879144431932
9879144792380
9879144890684
9879144956220
9879145021756
9879145054524
9879145480508
9879145546044
9879145578812
9879145644348
9879145677116
9879145939260
9879145972028
9879146299708
9879146332476
9879146463548
9879146496316
9879146889532
9879146955068
9879147020604
9879147544892
9879147643196
9879147708732
9879148200252
9879148364092
9879148953916
9879149248828
9879149314364
9879149838652
9879150035260
9879150625084
9879151018300
9879151149372
9879151214908
9879151968572
9879152034108
9879152230716
9879152525628
9879152787772
9879153344828
9879153443132
9879154327868
9879154426172
9879154852156
9879155081532
9879155212604
9879155736892
9879155802428
9879155966268
9879156031804
9879156261180
9879156457788
9879156490556
9879156719932
9879156883772
9879156949308
9879157014844
9879157342524
9879157440828
9879157473596
9879157768508
9879158096188
9879158227260
9879158260028
9879158292796
9879158653244
9879158817084
9879159013692
9879159046460
9879159275836
9879159439676
9879159734588
9879159800124
9879159865660
9879160095036
9879160226108
9879160553788
9879160652092
9879160783164
9879160881468
9879161274684
9879161536828
9879161733436
9879162159420
9879162814780
9879163011388
9879163240764
9879163830588
9879163961660
9879164125500
9879164453180
9879164518716
9879164649788
9879165141308
9879165305148
9879165337916
9879165763900
9879166320956
9879166419260
9879166550332
9879167140156
9879167172924
9879167336764
9879167893820
9879167959356
9879167992124
9879168647484
9879168811324
9879168942396
9879169564988
9879169597756
9879169663292
9879169827132
9879170351420
9879170515260
9879170842940
9879171072316
9879171432764
9879171727676
9879171760444
9879172088124
9879172350268
9879172546876
9879172776252
9879172874556
9879173005628
9879173398844
9879173464380
9879173660988
9879173693756
9879174316348
9879174447420
9879174644028
9879174938940
9879175364924
9879175430460
9879175790908
9879176118588
9879176347964
9879176380732
9879176544572
9879177232700
9879177691452
9879178772796
9879179231548
9879179821372
9879179886908
9879180542268
9879180640572
9879180771644
9879181197628
9879181263164
9879181754684
9879181852988
9879181951292
9879182082364
9879182246204
9879182606652
9879182737724
9879182967100
9879183032636
9879183065404
9879183458620
9879183491388
9879183753532
9879183851836
9879184245052
9879184408892
9879184539964
9879185097020
9879185359164
9879185916220
9879186669884
9879186964796
9879187292476
9879187456316
9879187816764
9879187882300
9879188177212
9879188242748
9879188406588
9879188767036
9879188865340
9879188963644
9879189389628
9879189487932
9879189913916
9879190077756
9879190405436
9879190503740
9879191159100
9879191748924
9879191945532
9879192404284
9879192731964
9879192797500
9879193059644
9879193190716
9879193616700
9879193878844
9879194042684
9879194239292
9879194304828
9879194698044
9879194960188
9879195025724
9879195484476
9879195681084
9879195943228
9879196139836
9879196467516
9879196795196
9879196860732
9879197188412
9879197221180
9879198040380
9879198105916
9879198433596
9879198499132
9879198597436
9879198957884
9879199318332
9879199351100
9879199646012
9879199940924
9879200071996
9879200268604
9879200334140
9879200563516
9879200956732
9879201186108
9879201612092
9879201907004
9879202070844
9879202234684
9879202267452
9879202365756
9879202726204
9879202955580
9879203152188
9879203184956
9879203414332
9879203971388
9879204004156
9879204036924
9879204135228
9879204593980
9879204626748
9879204692284
9879204856124
9879205380412
9879205413180
9879205675324
9879205806396
9879205904700
9879205970236
9879207117116
9879207182652
9879207215420
9879207641404
9879207739708
9879208165692
9879208526140
9879208558908
9879208689980
9879208952124
9879209017660
9879209050428
9879209541948
9879209574716
9879209640252
9879209705788
9879210131772
9879210230076
9879210295612
9879210393916
9879210983740
9879211016508
9879211180348
9879211311420
9879211376956
9879211442492
9879211802940
9879211901244
9879211999548
9879212196156
9879212327228
9879212425532
9879212818748
9879212917052
9879213015356
9879213113660
9879213343036
9879213572412
9879213834556
9879213998396
9879214227772
9879214358844
9879214850364
9879215046972
9879215079740
9879215145276
9879215702332
9879215800636
9879215833404
9879215964476
9879216423228
9879216455996
9879216554300
9879216783676
9879216816444
9879217144124
9879217340732
9879217668412
9879217766716
9879217799484
9879218028860
9879218258236
9879218487612
9879218585916
9879218684220
9879218913596
9879219208508
9879219274044
9879219536188
9879219601724
9879220060476
9879220126012
9879220224316
9879220650300
9879220814140
9879220945212
9879220977980
9879221240124
9879221502268
9879221698876
9879221764412
9879221895484
9879221961020
9879222190396
9879222518076
9879222550844
9879222616380
9879223173436
9879223206204
9879223894332
9879223927100
9879224156476
9879224516924
9879224582460
9879224680764
9879225205052
9879225303356
9879226351932
9879226417468
9879227171132
9879227498812
9879227728188
9879228416316
9879228940604
9879229038908
9879229169980
9879229792572
9879229989180
9879230316860
9879230611772
9879230808380
9879231037756
9879231103292
9879231234364
9879232020796
9879232053564
9879232086332
9879232708924
9879232905532
9879233036604
9879233134908
9879233757500
9879233790268
9879234150716
9879234511164
9879234543932
9879235166524
9879235297596
9879235559740
9879235756348
9879235985724
9879236346172
9879237329212
9879238148412
9879238246716
9879238771004
9879238869308
9879239459132
9879239524668
9879239885116
9879240212796
9879240442172
9879240868156
9879241130300
9879241785660
9879241818428
9879242342716
9879242572092
9879242899772
9879243325756
9879243882812
9879244570940
9879245324604
9879246045500
9879246209340
9879246831932
9879247290684
9879247782204
9879248634172
9879249355068
9879249879356
9879251157308
9879252074812
9879252959548
9879253778748
9879254958396
9879255482684
9879256138044
9879256498492
9879257186620
9879258038588
9879258366268
9879259021628
9879259513148
9879259873596
9879260365116
9879260791100
9879261118780
9879261446460
9879261675836
9879262134588
9879262232892
9879262691644
9879263019324
9879263248700
9879264035132
9879264133436
9879264657724
9879264887100
9879265280316
9879265902908
9879266525500
9879267049788
9879267377468
9879267967292
9879268426044
9879269081404
9879275897148
9879276650812
9879277928764
9879279010108
9879280386364
9879281303868
9879283499324
9879286186300
9879287562556
9879290020156
9879292412220
9879294214460
9879301882172
9879303684412
9879305126204
9879306436924
9879307419964
9879308271932
9879308861756
9879309713724
9879310336316
9879311057212
9879311515964
9879312007484
9879314137404
9879314694460
9879315120444
9879317971260
9879318790460
9879319347516
9879319740732
9879320068412
9879320527164
9879320920380
9879321280828
9879321608508
9879322100028
9879322427708
9879323279676
9879324098876
9879324950844
9879325966652
9879326884156
9880007672124
9880492376380
9882029949244
9929975595324
9929975759164
9929975824700
9929976021308
9929976512828
9929976643900
9929976709436
9929976807740
9929976971580
9929977004348
9929977168188
9929977266492
9929977299260
9929977397564
9929977626940
9929977856316
9929978937660
9929979035964
9929979199804
9929980215612
9929980379452
9929983099196
9929984213308
9929984311612
9929985294652
9929985360188
9929986539836
9929987752252
9929987916092
9929988047164
9929988079932
9929988342076
9929988505916
9929988735292
9929988931900
9929989095740
9929989226812
9929989783868
9929990013244
9929990209852
9929990471996
9929990963516
9929991258428
9929991422268
9929991618876
9929991815484
9929992438076
9929993814332
9929993879868
9929994207548
9929994535228
9929994928444
9929995092284
9929995190588
9929995256124
9929995387196
9929995485500
9929995551036
9929995649340
9929995911484
9929996304700
9929996370236
9929996501308
9929996763452
9929996960060
9929997123900
9931123818812
9931229528380
9931229856060
9931573264700
9938808701244
9938810241340
9938821710140
9938822857020
9938823053628
9938823283004
9938823774524
9938824298812
9938825052476
9938825642300
9938825707836
9938825806140
9938825937212
9938826232124
9938826428732
9938826592572
9938827739452
9938828656956
9938828788028
9938828853564
9938829082940
9938829148476
9938829607228
9938830623036
9938830786876
9938831409468
9938831835452
9938832064828
9938832326972
9938832425276
9938832720188
9938832982332
9938833310012
9938834161980
9938835439932
9938835931452
9938836128060
9938836357436
9938836488508
9938836586812
9939560923452
9939561021756
9939561087292
9939561120060
9939561218364
9939561316668
9939615678780
9939618103612
9939618627900
9939619053884
9939619316028
9939619676476
9939620495676
9939621544252
9939621970236
9939622330684
9939622723900
9939623117116
9939623969084
9939624952124
9939625312572
9939625673020
9939626164540
9939626524988
9939627049276
9939627475260
9939629998396
9939632750908
9939634487612
9939634684220
9939634815292
9939634913596
9939635175740
9939635339580
9939635536188
9939635732796
9939635929404
9939636355388
9939637436732
9939639370044
9939641368892
9939644743996
9939645333820
9939645989180
9939646251324
9939646579004
9939646808380
9939646972220
9939647201596
9939647398204
9939647594812
9939648807228
9939650052412
9939650969916
9939651133756
9939651264828
9939651526972
9939651920188
9939652051260
9939652215100
9939652346172
9939652444476
9939652641084
9939652837692
9939652935996
9939653099836
9939653296444
9939653460284
9939653591356
9939653755196
9939653886268
9939654017340
9939654115644
9939654312252
9939654443324
9939654672700
9939654869308
9939655065916
9939655229756
9939655426364
9939655590204
9939655819580
9939655983420
9939656245564
9939656376636
9939656671548
9939657064764
9939657556284
9939657785660
9939657982268
9939658244412
9939658834236
9939659227452
9939659522364
9939659817276
9939660046652
9939660144956
9939660833084
9939661259068
9939661390140
9939661521212
9939661619516
9939661848892
9939661947196
9939662111036
9939662569788
9939662995772
9939663356220
9939663749436
9939664503100
9939664896316
9939665158460
9939665715516
9939666075964
9939666469180
9939666567484
9939666764092
9939666927932
9939667091772
9939667878204
9939668795708
9939670139196
9939670434108
9939670860092
9939671056700
9939671187772
9939671417148
9939671613756
9939671777596
9939672039740
9939672203580
9939672301884
9939672498492
9939672662332
9939672826172
9939673121084
9939673317692
9939673514300
9939673678140
9939673809212
9939674038588
9939674235196
9939674530108
9939674726716
9939674956092
9939675119932
9939675382076
9939675513148
9939675578684
9939675840828
9939675971900
9939676102972
9939676299580
9939676430652
9939676692796
9939676889404
9939677118780
9939677315388
9939677479228
9939677675836
9939677905212
9939823821116
9939823984956
9939824705852
9939825230140
9939825361212
9939825557820
9939825951036
9939826245948
9939826377020
9939826573628
9939826737468
9939826868540
9939826966844
9939827097916
9939827228988
9939827294524
9939827556668
9939827687740
9939828605244
9939828834620
9939828965692
9939829096764
9939829195068
9939829326140
9939829358908
9939829457212
9939829817660
9939829850428
9939829883196
9939830014268
9939830112572
9939830243644
9939830276412
9939830341948
9939830407484
9939830473020
9939830538556
9939830669628
9939830735164
9939830800700
9939830931772
9939831062844
9939831259452
9939831488828
9939831587132
9939831685436
9939831718204
9939832144188
9939832406332
9939832537404
9939832766780
9939832930620
9939832996156
9939833192764
9939833258300
9939833356604
9939833782588
9939834143036
9939834339644
9939834405180
9939836338492
9939840074044
9939840237884
9939840336188
9939840401724
9939840565564
9939840794940
9939840958780
9939841220924
9939841384764
9939841515836
9939841646908
9939841941820
9939842302268
9939842695484
9939842761020
9939842924860
9939843121468
9939843449148
9939843776828
9939844628796
9939845087548
9939845284156
9939847020860
9939856589116
9939856949564
9939857375548
9939857768764
9939858129212
9939858358588
9939858620732
9939859013948
9939859341628
9939859603772
9939860062524
9939860619580
9939861045564
9939861340476
9939861733692
9939862028604
9939862389052
9939863011644
9939872874812
9939874251068
9939874644284
9939875037500
9939875332412
9939875463484
9939875987772
9939876413756
9939876938044
9939877167420
9939877429564
9939877560636
9939877691708
9939877757244
9939878052156
9939878445372
9939878543676
9939878576444
9939878707516
9939878740284
9939878805820
9939878871356
9939878936892
9939879035196
9939879067964
9939879133500
9939879166268
9939879231804
9939879330108
9939879395644
9939879461180
9939879526716
9939879592252
9939879657788
9939879723324
9939879821628
9939879919932
9939879985468
9939880116540
9939880182076
9939880280380
9939880313148
9939880378684
9939880444220
9939880575292
9939880640828
9939880739132
9939880804668
9939880935740
9939881034044
9939881263420
9939881427260
9939881623868
9939881722172
9939881754940
9939881853244
9939881984316
9939882049852
9939882213692
9939882410300
9939882574140
9939882672444
9939882803516
9939882967356
9939883327804
9939883491644
9939883655484
9939883721020
9939883852092
9939883917628
9939884015932
9939884114236
9939884245308
9939884441916
9939884605756
9939884671292
9939884736828
9939884802364
9939884933436
9939884966204
9939885031740
9939885130044
9939885195580
9939885326652
9939885490492
9939885556028
9939885654332
9939885752636
9939885818172
9939885916476
9939886014780
9939886113084
9939886244156
9939886342460
9939886440764
9939886506300
9939886801212
9939886899516
9939886997820
9939887096124
9939887259964
9939887358268
9939887391036
9939887620412
9939887653180
9939887751484
9939887882556
9939888013628
9939888111932
9939888144700
9939888341308
9939888374076
9939888406844
9939888537916
9939888636220
9939888734524
9939888898364
9939889291580
9939889783100
9939890405692
9939890733372
9939890897212
9939891126588
9939891290428
9939891487036
9939891618108
9939892535612
9939892699452
9939892961596
9939893190972
9939893289276
9939893354812
9939893453116
9939893551420
9939893715260
9939893846332
9939894042940
9939894239548
9939894403388
9939894567228
9939894862140
9939894894908
9939894927676
9939895058748
9939895189820
9939895353660
9939895419196
9939895517500
9939895550268
9939895714108
9939895812412
9939895943484
9939896336700
9939896500540
9939896566076
9939896795452
9939896926524
9939907805500
9939907936572
9939908559164
9939908952380
9939909116220
9939909214524
9939909935420
9939910197564
9939910590780
9939910721852
9939910820156
9939911344444
9939911573820
9939911672124
9939911704892
9939911835964
9939911934268
9939912163644
9939912360252
9939921633596
9939923304764
9939923501372
9939923566908
9939923665212
9939923829052
9939924058428
9939924156732
9939924320572
9939924517180
9939924615484
9939924681020
9939924812092
9939925041468
9939925139772
9939925172540
9939925401916
9939925598524
9939925795132
9939926024508
9939926221116
9939926450492
9939926548796
9939926614332
9939926745404
9939926942012
9939927073084
9939927171388
9939927236924
9939927400764
9939927466300
9939927630140
9939927957820
9939928056124
9939928514876
9939928711484
9939928809788
9939928940860
9939929039164
9939929203004
9939929366844
9939929465148
9939929628988
9939929760060
9939929891132
9939930054972
9939930218812
9939930415420
9939930579260
9939930775868
9939930808636
9939930841404
9939930972476
9939931038012
9939942048060
9939942244668
9939942342972
9939942539580
9939942703420
9939945914684
9939946012988
9939946078524
9939946209596
9939949289788
9939951812924
9939952271676
9939952664892
9939953025340
9939953189180
9939964526908
9939964821820
9939965051196
9939965182268
9939965641020
9939966034236
9939966755132
9939967344956
9939967770940
9939968295228
9939970326844
9939970982204
9939972096316
9939972718908
9939973243196
9939973570876
9939974684988
9939975012668
9939975143740
9939975307580
9939975504188
9939975635260
9939975733564
9939986415932
9939987497276
9939987857724
9939988218172
9939988349244
9939988513084
9939988676924
9939989791036
9939990380860
9939990708540
9939990937916
9939991298364
9939991724348
9939992412476
9939992641852
9939992969532
9939993166140
9939993362748
9939993690428
9939995787580
9939995918652
9939996246332
9939996770620
9939997065532
9939997425980
9939997524284
9939997786428
9939998015804
9939998245180
9939998343484
9939998474556
9939999424828
9939999850812
9940000080188
9940000670012
9940002144572
9940011450684
9940020822332
9940029309244
9940031275324
9940031668540
9940031897916
9940115882300
9940179681596
9940180074812
9940180140348
9940180271420
9940180336956
9940180500796
9940180795708
9940180926780
9940181057852
9940181254460
9940181451068
9940181680444
9940182008124
9940182958396
9940213399868
9940213563708
9940214677820
9940215103804
9940245315900
9940245872956
9940246036796
9940246200636
9940254196028
9940263174460
9940268089660
9940275396924
9940276478268
9940276609340
9940276740412
9940288012604
9940292305212
9940300464444
9940306690364
9940307083580
9940307280188
9940308197692
9940319338812
9940328546620
9940337033532
9940337688892
9940346503484
9940359119164
9940366262588
9940368032060
9940368163132
9940368359740
9940370620732
9940379894076
9940387463484
9940391559484
9940393165116
9940401914172
9940408402236
9940417708348
9940421935420
9940422099260
9940422230332
9940427276604
9940434551100
9940443398460
9940452278588
9940452442428
9940452573500
9940453916988
9940465189180
9940476756284
9940503200060
9940515848508
9940516208956
9940524499260
9940533805372
9940542751036
9940547338556
9940547666236
9940547928380
9940564607292
9940570407228
9940571259196
9940571488572
9940571750716
9940572275004
9940572537148
9940572930364
9940573094204
9940573323580
9940573552956
9940573716796
9940573847868
9940574044476
9940574470460
9940574765372
9940574896444
9940575060284
9940575551804
9940575584572
9940575748412
9940575977788
9940576076092
9940576207164
9940576272700
9940576829756
9940577288508
9940577354044
9940577550652
9940577648956
9940577747260
9940577812796
9940577878332
9940578074940
9940578173244
9940578304316
9940578435388
9940578468156
9940578533692
9940578631996
9940578730300
9940578828604
9940578894140
9940578992444
9940579123516
9940579221820
9940579287356
9940579352892
9940579451196
9940579483964
9940579582268
9940579746108
9940580008252
9940580139324
9940580237628
9940580303164
9940580335932
9940580434236
9940580663612
9940580729148
9940580925756
9940581056828
9940581220668
9940581548348
9940581843260
9940582105404
9940582334780
9940582662460
9940582760764
9940582859068
9940582891836
9940582990140
9940583088444
9940583186748
9940583285052
9940583481660
9940583842108
9940584169788
9940584530236
9940584825148
9940585087292
9940585152828
9940585251132
9940585316668
9940585414972
9940585513276
9940585611580
9940585840956
9940585972028
9940586299708
9940586463548
9940586594620
9940586791228
9940586889532
9940587086140
9940587348284
9940587577660
9940587741500
9940587938108
9940588101948
9940588331324
9940588462396
9940588593468
9940588757308
9940588855612
9940588986684
9940589117756
9940589216060
9940589379900
9940589478204
9940589543740
9940589576508
9940589773116
9940589805884
9940589936956
9940590035260
9940590166332
9940590264636
9940590330172
9940590526780
9940591051068
9940591444284
9940591542588
9940591804732
9940591837500
9940592165180
9940592230716
9940592394556
9940592525628
9940592787772
9940593344828
9940593541436
9940593836348
9940594098492
9940594262332
9940594360636
9940594524476
9940594721084
9940594884924
9940594983228
9940595179836
9940595573052
9940595867964
9940595900732
9940595966268
9940595999036
9940596064572
9940596195644
9940596293948
9940596326716
9940596457788
9940596588860
9940596654396
9940596982076
9940598128956
9940598194492
9940598325564
9940598391100
9940598456636
9940598587708
9940598718780
9940598882620
9940599079228
9940599177532
9940599505212
9940599832892
9940599963964
9940600258876
9940611006780
9940611236156
9940611596604
9940611891516
9940612055356
9940612284732
9940612579644
9940612874556
9940613071164
9940613497148
9940613792060
9940614218044
9940614611260
9940614938940
9940615332156
9940615463228
9940615758140
9940615823676
9940616118588
9940616216892
9940616315196
9940616380732
9940616511804
9940616741180
9940616839484
9940616937788
9940617068860
9940617199932
9940617331004
9940617527612
9940617691452
9940617986364
9940618150204
9940618281276
9940618543420
9940618772796
9940618969404
9940619067708
9940619231548
9940619952444
9940621558076
9940621623612
9940621721916
9940621984060
9940622082364
9940622115132
9940622639420
9940622934332
9940622999868
9940623229244
9940623393084
9940623425852
9940623655228
9940623851836
9940623982908
9940624310588
9940624539964
9940624703804
9940624867644
9940625031484
9940625162556
9940625424700
9940625621308
9940625817916
9940625981756
9940626112828
9940626309436
9940626440508
9940626538812
9940626604348
9940626735420
9940627030332
9940627194172
9940627358012
9940627587388
9940627783996
9940627947836
9940628046140
9940628209980
9940628373820
9940628537660
9940628635964
9940628668732
9940628963644
9940629160252
9940629258556
9940629422396
9940629553468
9940629684540
9940629848380
9940630012220
9940630044988
9940630176060
9940638531900
9940640923964
9940640989500
9940641186108
9940641382716
9940641513788
9940641775932
9940641939772
9940642070844
9940642267452
9940642464060
9940642595132
9940642791740
9940642890044
9940642988348
9940643086652
9940643348796
9940643545404
9940643676476
9940644036924
9940644102460
9940644331836
9940644528444
9940644954428
9940645347644
9940645609788
9940645871932
9940646232380
9940646494524
9940646592828
9940646822204
9940646953276
9940647149884
9940648493372
9940649181500
9940649771324
9940650295612
9940650492220
9940650623292
9940650885436
9940651114812
9940651245884
9940651442492
9940651606332
9940651737404
9940651835708
9940651868476
9940651934012
9940652032316
9940652196156
9940652359996
9940652425532
9940652720444
9940652884284
9940653048124
9940653506876
9940653572412
9940653834556
9940653900092
9940653932860
9940654162236
9940654227772
9940654326076
9940654391612
9940654489916
9940654653756
9940654752060
9940654850364
9940655046972
9940655112508
9940655374652
9940655571260
9940655767868
9940655833404
9940655931708
9940656128316
9940656259388
9940656390460
9940656652604
9940656881980
9940657045820
9940657111356
9940657275196
9940657668412
9940657897788
9940658061628
9940658159932
9940658291004
9940664811836
9940669333820
9940670087484
9940670349628
9940670775612
9940671103292
9940671365436
9940671463740
9940671562044
9940671660348
9940671824188
9940671955260
9940672184636
9940672381244
9940672577852
9940672807228
9940672938300
9940673560892
9940673724732
9940673986876
9940674216252
9940674314556
9940683915580
9940685193532
9940685881660
9940686045500
9940686209340
9940686340412
9940686504252
9940686700860
9940686963004
9940687159612
9940687290684
9940687520060
9940687683900
9941243593020
9941243986236
9941244346684
9941244707132
9941245002044
9941245165884
9941245296956
9941245657404
9941246345532
9941246476604
9941246574908
9941246771516
9941246968124
9941247099196
9941247328572
9941247787324
9941247983932
9941248180540
9941248377148
9941248540988
9941248770364
9941248868668
9941249098044
9941249425724
9941249589564
9941249720636
9941250048316
9941251129660
9941251686716
9941251981628
9941252243772
9941253521724
9941254570300
9941255356732
9941256864060
9941258109244
9941258502460
9941258830140
9941259125052
9941259387196
9941259747644
9941259977020
9941260239164
9941260566844
9941260861756
9941261189436
9941261386044
9941261779260
9941262074172
9941262598460
9941262860604
9941263122748
9941263679804
9941264073020
9941264367932
9941264630076
9941265056060
9941265219900
9941265416508
9941265514812
9941265678652
9941265842492
9941266366780
9941266563388
9941266694460
9941266956604
9941267185980
9941267349820
9941267513660
9941267644732
9941267743036
9941267874108
9941268070716
9941268529468
9941268693308
9941268857148
9941269053756
9941269184828
9941269348668
9941273575740
9941280129340
9941280260412
9941280457020
9941280653628
9941280915772
9941281669436
9941281866044
9941281997116
9941282226492
9941282357564
9941294448956
9941294514492
9941294645564
9941294874940
9941295071548
9941295202620
9941295333692
9941295464764
9941295661372
9941295825212
9941295923516
9941377777980
9941377909052
9941378072892
9941378335036
9941378531644
9941378728252
9941378892092
9941379023164
9941379252540
9941379547452
9941379875132
9941380038972
9941380202812
9941380399420
9941380530492
9941380759868
9941381906748
9941382037820
9941382267196
9941382431036
9941382562108
9941382693180
9941382857020
9941383020860
9941384888636
9941385478460
9941385576764
9941389050172
9941389377852
9941391442236
9941391737148
9941391835452
9941392032060
9941392195900
9941392359740
9941392490812
9941392851260
9941393277244
9941393670460
9941394030908
9941394424124
9941394915644
9941395374396
9941395833148
9941395996988
9941396226364
9941396291900
9941396488508
9941396717884
9941396914492
9941397078332
9941397274940
9941397438780
9941397537084
9941397799228
9941398192444
9941398389052
9941398552892
9941398782268
9941399142716
9941399601468
9941400060220
9941400813884
9941401927996
9941402517820
9941403042108
9941403205948
9941403337020
9941403533628
9941403664700
9941403926844
9941404156220
9941404320060
9941404451132
9941404942652
9941405335868
9941405696316
9941406187836
9941406351676
9941406482748
9941457862972
9941457994044
9941458420028
9941458616636
9941458911548
9941459108156
9941459304764
9944738496828
9944739774780
9944740299068
9944740561212
9944741577020
9954901655868
9969469423932
9971676315964
9972913996092
9980894970172
9986552627516
9987188916540
9987203137852
9987209462076
9995199971644
9995756601660
9995756863804
10004008239420
10005275246908
10005935063356
10006004629820
10006030156092
10006053716284
10006065905980
10006146515260
10006331883836
10006336340284
10006337257788
10006348726588
10006365241660
10006373859644
10006374252860
10007626645820
10007773839676
10008673714492
10009044222268
10009091309884
10011475968316
10012639789372
10012673343804
10012746219836
10012773548348
10012785803580
10012945547580
10013418717500
10013842964796
10014042784060
10015224070460
10017455243580
10017532641596
10017906884924
10019702047036
10019704799548
10019705258300
10019707945276
10019813589308
10021251154236
10021338841404
10025800073532
10026483908924
10027115905340
10028565561660
10029703659836
10029839876412
10029869171004
10030825144636
10030837006652
10030858633532
10030876852540
10030944125244
10030976729404
10031019065660
10032531046716
10032538714428
10032719429948
10033795137852
10034665914684
10041131303228
10041155813692
10041171018044
10041270305084
10041293013308
10041340559676
10041366675772
10041701105980
10041735250236
10041756123452
10041769460028
10042200391996
10042213957948
10042226639164
10042232373564
10042246791484
10042294239548
10042301251900
10042305872188
10042308133180
10042758693180
10042888782140
10042970505532
10043779744060
10044059844924
10044457746748
10045566091580
10053681709372
10054649119036
10054713016636
10054713770300
10054714097980
10054714851644
10054715015484
10054715113788
10054715277628
10054715408700
10054715572540
10054715801916
10054715867452
10054715932988
10055018971452
10058504208700
10059303878972
10059364303164
10060276400444
10060362318140
10060368249148
10060396036412
10061163036988
10062014939452
10063142551868
10063163064636
10065474060604
10065496801596
10065551556924
10065605591356
10065617879356
10065811571004
10065812586812
10066291753276
10067320799548
10068925808956
10068927676732
10068931674428
10068933968188
10069009498428
10069438759228
10070058598716
10070181773628
10070417146172
10070477373756
10070561063228
10070682665276
10071602823484
10078455529788
10078810145084
10078889476412
10078900945212
10079951847740
10080018563388
10080023216444
10080098517308
10080099238204
10082057650492
10082993537340
10083133194556
10083169304892
10083249881404
10083250831676
10085311086908
10085631721788
10085644927292
10085663801660
10085667209532
10090326982972
10092591350076
10093055082812
10093746389308
10093970424124
10094328545596
10095073198396
10096969810236
10098649628988
10104579850556
10106705314108
10107794522428
10108592488764
10108701311292
10109828301116
10109956653372
10110356947260
10112157843772
10112722927932
10113791656252
10114801467708
10116902388028
10116914151740
10119779287356
10120855847228
10120856240444
10121128378684
10121200468284
10124211355964
10129686266172
10129933762876
10130357911868
10133488075068
10133508030780
10133730591036
10134112960828
10134379725116
10134439526716
10134535962940
10134542713148
10134609330492
10134679486780
10135676518716
10135679107388
10135685497148
10135689822524
10135693394236
10135708565820
10136055546172
10138120585532
10138129301820
10138976944444
10139830911292
10139878850876
10139928559932
10140562391356
10142930436412
10142941380924
10143915147580
10143925928252
10145609482556
10145616986428
10145641857340
10145740325180
10150808715580
10153356165436
10154398056764
10155587502396
10158320746812
10159185920316
10159486304572
10162197168444
10163008962876
10163026690364
10163029180732
10163619922236
10164484342076
10164920680764
10166168060220
10167557292348
10169855213884
10170282475836
10170315866428
10170360332604
10170554810684
10170849165628
10170990264636
10173903077692
10174183702844
10174818713916
10175044485436
10175089934652
10175121162556
10175127355708
10175173493052
10175192498492
10175337333052
10175340413244
10175389139260
10175433769276
10175465128252
10175594987836
10175750242620
10175768723772
10176330301756
10177568473404
10177616675132
10177750008124
10177840841020
10178331083068
10178347073852
10178987884860
10179572007228
10181873434940
10183668039996
10183744684348
10183782596924
10183785578812
10183786856764
10183800455484
10183801078076
10183879328060
10183879786812
10185827582268
10186842636604
10186935075132
10186956112188
10186966565180
10186998022460
10187180114236
10187210588476
10187260625212
10187309908284
10187390026044
10187401298236
10187407196476
10187412373820
10187416338748
10187486495036
10187492393276
10187519492412
10188241273148
10188489621820
10188532711740
10188806848828
10189525025084
10189588300092
10189639156028
10189888815420
10189997375804
10190131593532
10190846951740
10191983214908
10192360505660
10192394256700
10192457630012
10192512909628
10192517792060
10192548790588
10192568549692
10192590405948
10192643424572
10192737468732
10195169902908
10195190579516
10195212403004
10195279741244
10195454165308
10196188168508
10198076096828
10198185738556
10199006511420
10200492638524
10203260289340
10203951825212
10204156100924
10204220588348
10204291203388
10204582183228
10205224501564
10205316448572
10205352689980
10205476913468
10205506928956
10205695148348
10206524309820
10206917493052
10208996589884
10209409597756
10211454189884
10211775873340
10212632265020
10213086429500
10213092852028
10213093769532
10213188501820
10213215174972
10213804310844
10213993873724
10217666281788
10217689612604
10218515661116
10218742153532
10218752409916
10218765353276
10219012686140
10219025727804
10219086020924
10219089756476
10219601887548
10219946049852
10221238124860
10222151762236
10223147024700
10223153479996
10223180874044
10223613509948
10225631887676
10225641554236
10225691263292
10226699469116
10226754683196
10226775687484
10227267469628
10227283624252
10227298828604
10227311083836
10231481499964
10232996495676
10233224855868
10233309561148
10234029703484
10234173653308
10234418364732
10234657046844
10234936590652
10235722170684
10237582836028
10237677207868
10237794746684
10237798940988
10238357995836
10238385422652
10240114000188
10242941387068
10242942665020
10242947907900
10242958229820
10243068690748
10243298099516
10243307503932
10243489923388
10243981508924
10244636705084
10244856348988
10245808587068
10245866717500
10246877544764
10247061897532
10247070417212
10247077593404
10247548436796
10247596147004
10247823130940
10248660681020
10248911749436
10248941601084
10249000485180
10249211707708
10249273966908
10249283862844
10250874388796
10254897807676
10255786574140
10256079651132
10256098591036
10256334979388
10256388325692
10256529359164
10256686317884
10256726982972
10256759193916
10256843800892
10256846192956
10256847503676
10257480122684
10258018271548
10258187190588
10258265932092
10259075105084
10265300173116
10265473876284
10265493700924
10265561792828
10266042466620
10266387022140
10266398916924
10266405929276
10266416120124
10266716766524
10266721091900
10266723156284
10269254254908
10269354819900
10269363274044
10269363634492
10269363732796
10271988842812
10273068548412
10273653457212
10274055684412
10274148188476
10278798000444
10279112835388
10279695679804
10279796801852
10279802011964
10279976075580
10280400355644
10281641443644
10281644687676
10281668182332
10281676734780
10281681289532
10281684205884
10281708388668
10283053416764
10283359928636
10283438702908
10283917836604
10284025839932
10284102418748
10285087293756
10285093060924
10285128286524
10285757563196
10290339905852
10292016939324
10294627729724
10294665543996
10294699131196
10295115350332
10296305320252
10296330158396
10299090698556
10299611382076
10299614691644
10299617968444
10299620032828
10299624948028
10299647066428
10300000141628
10301881418044
10302353768764
10303520833852
10305339130172
10305559560508
10305570144572
10305800634684
10305803059516
10306102133052
10307067511100
10307073179964
10307521478972
10309205033276
10309208572220
10309211259196
10309674467644
10309852070204
10309869502780
10310913360188
10323080479036
10327506190652
10331865841980
10332879487292
10335085330748
10338979610940
10339479781692
10339718627644
10342691078460
10346655973692
10347757470012
10347757502780
10347757535548
10347757568316
10347757601084
10347757633852
10347757666620
10347757699388
10347757732156
10347757764924
10347757797692
10347757830460
10347757863228
10347757895996
10347757928764
10347757961532
10347757994300
10347758027068
10347758059836
10347758092604
10347758125372
10347758158140
10347758190908
10347758223676
10347758256444
10347758289212
10347758321980
10347758354748
10347758387516
10347758420284
10347758453052
10347758485820
10347758518588
10347758551356
10347758584124
10347758616892
10347758649660
10347758682428
10347758715196
10347758747964
10347758780732
10347758813500
10347758846268
10347758879036
10347758911804
10351160459580
10353232380220
10354483953980
10354513838396
10354520457532
10354545852732
10354567151932
10355173982524
10355204292924
10357000798524
10358727344444
10363237859644
10363242709308
10363259519292
10366379065660
10368369361212
10370937848124
10370965569852
10378042114364
10378837819708
10380015927612
10380780503356
10384888135996
10385534419260
10387199787324
10387583762748
10387658867004
10389053767996
10389717221692
10389724758332
10392821891388
10393251086652
10394431979836
10396041969980
10397240623420
10397649895740
10398318788924
10398487445820
10398501863740
10398660526396
10398924341564
10399410159932
10399414649148
10400255574332
10400268845372
10400274415932
10400484786492
10400490094908
10400550814012
10403773120828
10403836199228
10406929170748
10406977470780
10407004111164
10407049036092
10407851655484
10407869874492
10409156510012
10409197699388
10409218375996
10409309274428
10409951527228
10410015490364
10410065920316
10410496852284
10410884825404
10411583537468
10411589370172
10412017221948
10414127087932
10417327505724
10417333338428
10418850791740
10418864390460
10418880086332
10418913083708
10418980880700
10419407585596
10419645972796
10419704987964
10420919927100
10420919992636
10421666971964
10424390615356
10424398446908
10426313933116
10426477773116
10440921809212
10444925436220
10444926648636
10444931203388
10444932120892
10444932514108
10444933464380
10444934119740
10457072337212
