9875864715580
9875868123452
9875904364860
9875912786236
9878150218044
9878461481276
9878462038332
9878462333244
9878462628156
9878463086908
9878463152444
9878463709500
9878463938876
9878463971644
9878464201020
9878464725308
9878464954684
9878465118524
9878465282364
9878465511740
9878465610044
9878465675580
9878465806652
9878466134332
9878466167100
9878466625852
9878466724156
9878466887996
9878466953532
9878467117372
9878467182908
9878467248444
9878467445052
9878467707196
9878467772732
9878467903804
9878468133180
9878468165948
9878468526396
9878468723004
9878468788540
9878468985148
9878469345596
9878469378364
9878469607740
9878470033724
9878470099260
9878470230332
9878470459708
9878470558012
9878471082300
9878471115068
9878471278908
9878471573820
9878471704892
9878472065340
9878472360252
9878472393020
9878472655164
9878472819004
9878473244988
9878473277756
9878473310524
9878473834812
9878474031420
9878474064188
9878474457404
9878474654012
9878475243836
9878475407676
9878476390716
9878476652860
9878477078844
9878477242684
9878477603132
9878477701436
9878477865276
9878478225724
9878478291260
9878478356796
9878478487868
9878479175996
9878479241532
9878479274300
9878479307068
9878480027964
9878480126268
9878480191804
9878480519484
9878480552252
9878480585020
9878480748860
9878480814396
9878480879932
9878481174844
9878481273148
9878481305916
9878481404220
9878481535292
9878481699132
9878481764668
9878481928508
9878482059580
9878482125116
9878482157884
9878482354492
9878482452796
9878482485564
9878482583868
9878482682172
9878483009852
9878483108156
9878483435836
9878483730748
9878483763516
9878483927356
9878484025660
9878484091196
9878484255036
9878484353340
9878484517180
9878484779324
9878484844860
9878485238076
9878485270844
9878485303612
9878485401916
9878485729596
9878485827900
9878486122812
9878486417724
9878486450492
9878486647100
9878486876476
9878487073084
9878487105852
9878487400764
9878487466300
9878487761212
9878487859516
9878488187196
9878488285500
9878488318268
9878488351036
9878488613180
9878488678716
9878488711484
9878489039164
9878489104700
9878489203004
9878489268540
9878489334076
9878489366844
9878489628988
9878489661756
9878489891132
9878490054972
9878490120508
9878490153276
9878490317116
9878490546492
9878490644796
9878491038012
9878491103548
9878491169084
9878491496764
9878491529532
9878491627836
9878491660604
9878491857212
9878491988284
9878492152124
9878492381500
9878492610876
9878492709180
9878492905788
9878493462844
9878493495612
9878493856060
9878493954364
9878494478652
9878494609724
9878494806332
9878495101244
9878495265084
9878495559996
9878495887676
9878496379196
9878496543036
9878496706876
9878496805180
9878497165628
9878497689916
9878498115900
9878498672956
9878498804028
9878499197244
9878499295548
9878499623228
9878499721532
9878500016444
9878500081980
9878500507964
9878500540732
9878500999484
9878501065020
9878501359932
9878501491004
9878501851452
9878502015292
9878502506812
9878503227708
9878503391548
9878503620924
9878503653692
9878503817532
9878504636732
9878505062716
9878505128252
9878505455932
9878505947452
9878506635580
9878506733884
9878507258172
9878508503356
9878508831036
9878509158716
9878509388092
9878509420860
9878509781308
9878510436668
9878510862652
9878511223100
9878511747388
9878512140604
9878512304444
9878512632124
9878512697660
9878513385788
9878513451324
9878513516860
9878513779004
9878513942844
9878514336060
9878514368828
9878514729276
9878515286332
9878515614012
9878515908924
9878516105532
9878516400444
9878516597052
9878516662588
9878517285180
9878517350716
9878517842236
9878517973308
9878518464828
9878518497596
9878518530364
9878518694204
9878519513404
9878519775548
9878520004924
9878520791356
9878521184572
9878521577788
9878521708860
9878522233148
9878522265916
9878522921276
9878523117884
9878523576636
9878523642172
9878523674940
9878524231996
9878524428604
9878524821820
9878524854588
9878525215036
9878525247804
9878525378876
9878525870396
9878526034236
9878526492988
9878526525756
9878526722364
9878527115580
9878527377724
9878528753980
9878528786748
9878528852284
9878529343804
9878529442108
9878529474876
9878529966396
9878530031932
9878530097468
9878530163004
9878530392380
9878530523452
9878530687292
9878530785596
9878530883900
9878531146044
9878531178812
9878531408188
9878531604796
9878531801404
9878531866940
9878532063548
9878532161852
9878532718908
9878532817212
9878532948284
9878533341500
9878533505340
9878533636412
9878533996860
9878534488380
9878534586684
9878535110972
9878535176508
9878535864636
9878535930172
9878536126780
9878536421692
9878536945980
9878537077052
9878537732412
9878537797948
9878538322236
9878538387772
9878538617148
9878538912060
9878539665724
9878539895100
9878540255548
9878540484924
9878541074748
9878541959484
9878542156092
9878542582076
9878543171900
9878543663420
9878544449852
9878544580924
9878545006908
9878545662268
9878545891644
9878545924412
9878546284860
9878546514236
9878546940220
9878547530044
9878547661116
9878548087100
9878548840764
9878549004604
9878549299516
9878549627196
9878549791036
9878549823804
9878550217020
9878550282556
9878550643004
9878550708540
9878550970684
9878551331132
9878551429436
9878551888188
9878552576316
9878553035068
9878553231676
9878553624892
9878554411324
9878555033916
9878555164988
9878555459900
9878555885884
9878556311868
9878556410172
9878557131068
9878557688124
9878558015804
9878558671164
9878559392060
9878560080188
9878560866620
9878560899388
9878561325372
9878561521980
9878562079036
9878562406716
9878562537788
9878562865468
9878563488060
9878564077884
9878564569404
9878564733244
9878565093692
9878565224764
9878565683516
9878565814588
9878566207804
9878566240572
9878566863164
9878567616828
9878568403260
9878568698172
9878569353532
9878569746748
9878570041660
9878570271036
9878570991932
9878571680060
9878572237116
9878572794172
9878574170428
9878574399804
9878575219004
9878575612220
9878575776060
9878576300348
9878576595260
9878576955708
9878577119548
9878577250620
9878577578300
9878577709372
9878578594108
9878578626876
9878578659644
9878578790716
9878579380540
9878579609916
9878579708220
9878580527420
9878580691260
9878580789564
9878581051708
9878581412156
9878581674300
9878581870908
9878582165820
9878582427964
9878582460732
9878582853948
9878582886716
9878583148860
9878583542076
9878583869756
9878584262972
9878584787260
9878585049404
9878585344316
9878585606460
9878585671996
9878586425660
9878586818876
9878587507004
9878589342012
9878589571388
9878591570236
9878592651580
9878593634620
9878594650428
9878594683196
9878594715964
9878595240252
9878595338556
9878595535164
9878595567932
9878596026684
9878596190524
9878596485436
9878596813116
9878596911420
9878597108028
9878597435708
9878597501244
9878597763388
9878597894460
9878598156604
9878598484284
9878598615356
9878598648124
9878598877500
9878599237948
9878599336252
9878599467324
9878599532860
9878599827772
9878599860540
9878600122684
9878600253756
9878600319292
9878600384828
9878600581436
9878600712508
9878600778044
9878600810812
9878601302332
9878601498940
9878601531708
9878601924924
9878602088764
9878602318140
9878602580284
9878602776892
9878603039036
9878603235644
9878603628860
9878603661628
9878603956540
9878603989308
9878604448060
9878604677436
9878604972348
9878605300028
9878605431100
9878606184764
9878606381372
9878606610748
9878607003964
9878607102268
9878607397180
9878607692092
9878607954236
9878608249148
9878608314684
9878608511292
9878608675132
9878608871740
9878609199420
9878609297724
9878609559868
9878610018620
9878610051388
9878610247996
9878610346300
9878610542908
9878610608444
9878610870588
9878611231036
9878611296572
9878611394876
9878611951932
9878611984700
9878612214076
9878612312380
9878612705596
9878612738364
9878612836668
9878613295420
9878613492028
9878613655868
9878613688636
9878614180156
9878614245692
9878614573372
9878614606140
9878615687484
9878615785788
9878616015164
9878616080700
9878616408380
9878616637756
9878616965436
9878616998204
9878617227580
9878617489724
9878617522492
9878617817404
9878618014012
9878618341692
9878618538300
9878618702140
9878618865980
9878619160892
9878619193660
9878619357500
9878619717948
9878619914556
9878619947324
9878620143932
9878620340540
9878620635452
9878620668220
9878620832060
9878620963132
9878621159740
9878621225276
9878621749564
9878621880636
9878621946172
9878622241084
9878622437692
9878622601532
9878623027516
9878623191356
9878623486268
9878623781180
9878623912252
9878624076092
9878624371004
9878624600380
9878624731452
9878624862524
9878625124668
9878625354044
9878625485116
9878625714492
9878625845564
9878625878332
9878626140476
9878626468156
9878626664764
9878627025212
9878627090748
9878627320124
9878627582268
9878627844412
9878628368700
9878628860220
9878629089596
9878630367548
9878630400316
9878630990140
9878631317820
9878631481660
9878632300860
9878632333628
9878632366396
9878632661308
9878632759612
9878632792380
9878633120060
9878633152828
9878633644348
9878633709884
9878633742652
9878634004796
9878634070332
9878634594620
9878634627388
9878634725692
9878635020604
9878635086140
9878635544892
9878635577660
9878635741500
9878635807036
9878636101948
9878636134716
9878636200252
9878636691772
9878636724540
9878636790076
9878637117756
9878637183292
9878637281596
9878637510972
9878637707580
9878637871420
9878638035260
9878638264636
9878638362940
9878638821692
9878638919996
9878639378748
9878639608124
9878639870268
9878640066876
9878640132412
9878640329020
9878640525628
9878640558396
9878640853308
9878640886076
9878640951612
9878641443132
9878641574204
9878641672508
9878641934652
9878642098492
9878642164028
9878642426172
9878642491708
9878642688316
9878642819388
9878642983228
9878643147068
9878643245372
9878643310908
9878643671356
9878643736892
9878644392252
9878644457788
9878644588860
9878645145916
9878645276988
9878645571900
9878645834044
9878646325564
9878646489404
9878646915388
9878647079228
9878647144764
9878647537980
9878647669052
9878647734588
9878648029500
9878648062268
9878648193340
9878648324412
9878648553788
9878648619324
9878648783164
9878648947004
9878649110844
9878649209148
9878649405756
9878649504060
9878649831740
9878649995580
9878650093884
9878651011388
9878651076924
9878651142460
9878651339068
9878651470140
9878652158268
9878652191036
9878652420412
9878652584252
9878652780860
9878653632828
9878653796668
9878653894972
9878654320956
9878654583100
9878654976316
9878655598908
9878655992124
9878656483644
9878656647484
9878657204540
9878657302844
9878657564988
9878657597756
9878658089276
9878658318652
9878658351420
9878659334460
9878659432764
9878659891516
9878659957052
9878660645180
9878660710716
9878661202236
9878661366076
9878661497148
9878662119740
9878662152508
9878662447420
9878662775100
9878663037244
9878663102780
9878663528764
9878663790908
9878664216892
9878664249660
9878664511804
9878664905020
9878665036092
9878665232700
9878665494844
9878665625916
9878665822524
9878666051900
9878666379580
9878666543420
9878666707260
9878666838332
9878667100476
9878667133244
9878667297084
9878667919676
9878667952444
9878668083516
9878668542268
9878668607804
9878668640572
9878669033788
9878669394236
9878670246204
9878670377276
9878670737724
9878670967100
9878671098172
9878671196476
9878671491388
9878671819068
9878671884604
9878672048444
9878672703804
9878672802108
9878672867644
9878673359164
9878673654076
9878673719612
9878674211132
9878674243900
9878674473276
9878674833724
9878674899260
9878675030332
9878675325244
9878675816764
9878676111676
9878676472124
9878676537660
9878676734268
9878677127484
9878677291324
9878678569276
9878678831420
9878680043836
9878680273212
9878681485628
9878681747772
9878681780540
9878683189564
9878683353404
9878683779388
9878685057340
9878685450556
9878687220028
9878687351100
9878687383868
9878689382716
9878689612092
9878692561212
9878692823356
9878694592828
9878694986044
9878696395068
9878697574716
9878698131772
9878698361148
9878698819900
9878698950972
9878699540796
9878699704636
9878700196156
9878701080892
9878701703484
9878702031164
9878702391612
9878703341884
9878707306812
9878712254780
9878714155324
9878715531580
9878716580156
9878717006140
9878718939452
9878718972220
9878721429820
9878723887420
9878723952956
9878726607164
9878732276028
9878734373180
9878734733628
9878734995772
9878735159612
9878735421756
9878736175420
9878736372028
9878737060156
9878738633020
9878740336956
9878742237500
9878744105276
9878746726716
9878747414844
9878750265660
9878750593340
9878752854332
9878754853180
9878756589884
9878757638460
9878761308476
9878763045180
9878765371708
9878766092604
9878766780732
9878767599932
9878767796540
9878768386364
9878769074492
9878769828156
9878770942268
9878771663164
9878772515132
9878773924156
9878774579516
9878776250684
9878776938812
9878777856316
9878779724092
9878780739900
9878781559100
9878782378300
9878784246076
9878786441532
9878787129660
9878787588412
9878787850556
9878788440380
9878788931900
9878789161276
9878789718332
9878790209852
9878790373692
9878791094588
9878791422268
9878791913788
9878792077628
9878792175932
9878792732988
9878793060668
9878793716028
9878794207548
9878794567996
9878795649340
9878796894524
9878797386044
9878798500156
9878798631228
9878798958908
9878799057212
9878799515964
9878799974716
9878800367932
9878801809724
9878802334012
9878805905724
9878812361020
9878815605052
9878819275068
9878819930428
9878820585788
9878822027580
9878822060348
9878822551868
9878822617404
9878823108924
9878823502140
9878823764284
9878823960892
9878824157500
9878824485180
9878824550716
9878824845628
9878825075004
9878825337148
9878825468220
9878825533756
9878826058044
9878826090812
9878826320188
9878826484028
9878827073852
9878827172156
9878827204924
9878827303228
9878827565372
9878827696444
9878827761980
9878827860284
9878828122428
9878828286268
9878828351804
9878828581180
9878828876092
9878828974396
9878829367612
9878829531452
9878829564220
9878829596988
9878830055740
9878830252348
9878830350652
9878830448956
9878830907708
9878831006012
9878831268156
9878831825212
9878832087356
9878832120124
9878832841020
9878832906556
9878833037628
9878833529148
9878833594684
9878834020668
9878834250044
9878834315580
9878834544956
9878834643260
9878835167548
9878835691836
9878836052284
9878836085052
9878836412732
9878836642108
9878836674876
9878837100860
9878837264700
9878837428540
9878837854524
9878838509884
9878839099708
9878844539196
9878847127868
9878848831804
9878849323324
9878849552700
9878849978684
9878850306364
9878850502972
9878850634044
9878850732348
9878850797884
9878851092796
9878851486012
9878851518780
9878851715388
9878851879228
9878853386556
9878853517628
9878853910844
9878854140220
9878854271292
9878854304060
9878854795580
9878854959420
9878855156028
9878855418172
9878855450940
9878857220412
9878858989884
9878863774012
9878865183036
9878866067772
9878866297148
9878866886972
9878867345724
9878868164924
9878868656444
9878869016892
9878869147964
9878869410108
9878869508412
9878869606716
9878869737788
9878870196540
9878870393148
9878870982972
9878871474492
9878872097084
9878872326460
9878872359228
9878873047356
9878873112892
9878873243964
9878874161468
9878874325308
9878875013436
9878875341116
9878875439420
9878875832636
9878876029244
9878876520764
9878876684604
9878876815676
9878877176124
9878877274428
9878877569340
9878877667644
9878877929788
9878878028092
9878878224700
9878878290236
9878878519612
9878878748988
9878878847292
9878878945596
9878879011132
9878879633724
9878879830332
9878880026940
9878880747836
9878882287932
9878882386236
9878884548924
9878885237052
9878885466428
9878885826876
9878886285628
9878886515004
9878886777148
9878887530812
9878887792956
9878889824572
9878889857340
9878890217788
9878890283324
9878890447164
9878891036988
9878891397436
9878891561276
9878892314940
9878893527356
9878894772540
9878895067452
9878897787196
9878898180412
9878898245948
9878898540860
9878899065148
9878899130684
9878899818812
9878900080956
9878900146492
9878900179260
9878900736316
9878901096764
9878902309180
9878902636860
9878903259452
9878904013116
9878904209724
9878904537404
9878905094460
9878905291068
9878905323836
9878905684284
9878905815356
9878905979196
9878906241340
9878906306876
9878906667324
9878906700092
9878907060540
9878907289916
9878907355452
9878907388220
9878907748668
9878908010812
9878908174652
9878908305724
9878908567868
9878908666172
9878909026620
9878909124924
9878909616444
9878909911356
9878909944124
9878910271804
9878910697788
9878910763324
9878911254844
9878911549756
9878912008508
9878912172348
9878912532796
9878912598332
9878912663868
9878912827708
9878912893244
9878912958780
9878913155388
9878913253692
9878913351996
9878913483068
9878913810748
9878914302268
9878914367804
9878914859324
9878914990396
9878915416380
9878915449148
9878915842364
9878916104508
9878916563260
9878917284156
9878917873980
9878917972284
9878918005052
9878918431036
9878918725948
9878918758716
9878919086396
9878919184700
9878919315772
9878919610684
9878919774524
9878919938364
9878920331580
9878920462652
9878920560956
9878920659260
9878920888636
9878921019708
9878921118012
9878921380156
9878921609532
9878922199356
9878922264892
9878922494268
9878922527036
9878922953020
9878923084092
9878923542844
9878923575612
9878923772220
9878924132668
9878924230972
9878924362044
9878924689724
9878925148476
9878925443388
9878925607228
9878925672764
9878925738300
9878926229820
9878926557500
9878926590268
9878926754108
9878927114556
9878927311164
9878927573308
9878927802684
9878928294204
9878928589116
9878928687420
9878928818492
9878929277244
9878929310012
9878929506620
9878929801532
9878930129212
9878930456892
9878931112252
9878931243324
9878931276092
9878931636540
9878931767612
9878932324668
9878932816188
9878933963068
9878934421820
9878934815036
9878935142716
9878935437628
9878935765308
9878935961916
9878936256828
9878937010492
9878937993532
9878938321212
9878938550588
9878938648892
9878939074876
9878939271484
9878939992380
9878940057916
9878940582204
9878940614972
9878940713276
9878941008188
9878941270332
9878941303100
9878941696316
9878941761852
9878942253372
9878942286140
9878942384444
9878943105340
9878943203644
9878943269180
9878943891772
9878944121148
9878944219452
9878944710972
9878944940348
9878945071420
9878945530172
9878945923388
9878946021692
9878946349372
9878946545980
9878947004732
9878947332412
9878947463484
9878947529020
9878947627324
9878947791164
9878947823932
9878948053308
9878948118844
9878948348220
9878948446524
9878948643132
9878948839740
9878948938044
9878949036348
9878949167420
9878949429564
9878949495100
9878949593404
9878949626172
9878949855548
9878949888316
9878950215996
9878950281532
9878950379836
9878950478140
9878950576444
9878950609212
9878950838588
9878951166268
9878951330108
9878951493948
9878951690556
9878951821628
9878951985468
9878952182076
9878952313148
9878952575292
9878952739132
9878952837436
9878952935740
9878952968508
9878953328956
9878953558332
9878953689404
9878953951548
9878954017084
9878954082620
9878954344764
9878954377532
9878954541372
9878955000124
9878955163964
9878955327804
9878955360572
9878955721020
9878955884860
9878955917628
9878955950396
9878956310844
9878956867900
9878957228348
9878957424956
9878957883708
9878958178620
9878958670140
9878959063356
9878959128892
9878960111932
9878960767292
9878960800060
9878962405692
9878963290428
9878964044092
9878964371772
9878964404540
9878965092668
9878965125436
9878965256508
9878965911868
9878965977404
9878966206780
9878966665532
9878966698300
9878966763836
9878967222588
9878967288124
9878967550268
9878967615804
9878967877948
9878968074556
9878968205628
9878968500540
9878968664380
9878968697148
9878969024828
9878969483580
9878969549116
9878970007868
9878970270012
9878970335548
9878970958140
9878971580732
9878971908412
9878972137788
9878972694844
9878972727612
9878972924220
9878973120828
9878973645116
9878973776188
9878974103868
9878974366012
9878974726460
9878974857532
9878975709500
9878975840572
9878976037180
9878976201020
9878976266556
9878976659772
9878977020220
9878977347900
9878977478972
9878977642812
9878977708348
9878977970492
9878978330940
9878978462012
9878978494780
9878979019068
9878979051836
9878979182908
9878979313980
9878979543356
9878979838268
9878980067644
9878980133180
9878980460860
9878980624700
9878980821308
9878981050684
9878981247292
9878981411132
9878981443900
9878982164796
9878982197564
9878982492476
9878982951228
9878983377212
9878984196412
9878984294716
9878984524092
9878984917308
9878985015612
9878985048380
9878985343292
9878985769276
9878985867580
9878985998652
9878986555708
9878986588476
9878986817852
9878987243836
9878987505980
9878987604284
9878987899196
9878987931964
9878988325180
9878988489020
9878988652860
9878988718396
9878988947772
9878989111612
9878989537596
9878989701436
9878989799740
9878990160188
9878990192956
9878990455100
9878990782780
9878990946620
9878991208764
9878991438140
9878991503676
9878991700284
9878992027964
9878992060732
9878992290108
9878992453948
9878992486716
9878992879932
9878993109308
9878993273148
9878993502524
9878993568060
9878994092348
9878994125116
9878994288956
9878994649404
9878994911548
9878995206460
9878995239228
9878996058428
9878996386108
9878997500220
9878998352188
9878999269692
9878999335228
9878999695676
9879000023356
9879000449340
9879000711484
9879000777020
9879000842556
9879001563452
9879001760060
9879002054972
9879002382652
9879002743100
9879002808636
9879004315964
9879006183740
9879006282044
9879006839100
9879007134012
9879007559996
9879007691068
9879007920444
9879008575804
9879008674108
9879009132860
9879009460540
9879009624380
9879009722684
9879010017596
9879010345276
9879010410812
9879010476348
9879010574652
9879011230012
9879011328316
9879011459388
9879011688764
9879012114748
9879012278588
9879012442428
9879012802876
9879013196092
9879013392700
9879013458236
9879013589308
9879014277436
9879014474044
9879014572348
9879014768956
9879014998332
9879015424316
9879015457084
9879015489852
9879016046908
9879016210748
9879016472892
9879016866108
9879017029948
9879017259324
9879017324860
9879017783612
9879018340668
9879018733884
9879019028796
9879019389244
9879019684156
9879019815228
9879020208444
9879020503356
9879020994876
9879021027644
9879021158716
9879021584700
9879021945148
9879022010684
9879022207292
9879022633276
9879022862652
9879023288636
9879023485244
9879023550780
9879024337212
9879024402748
9879024533820
9879025090876
9879025549628
9879025615164
9879025746236
9879026204988
9879026794812
9879027056956
9879027122492
9879027286332
9879027810620
9879027876156
9879028072764
9879028662588
9879028728124
9879028924732
9879029711164
9879029842236
9879030071612
9879030235452
9879030399292
9879030464828
9879030726972
9879030759740
9879031054652
9879031087420
9879031415100
9879031644476
9879031939388
9879032398140
9879032561980
9879033676092
9879033708860
9879034134844
9879034331452
9879034462524
9879034560828
9879034790204
9879034822972
9879035216188
9879035281724
9879035642172
9879036428604
9879036821820
9879037313340
9879037739324
9879038001468
9879038984508
9879040000316
9879040164156
9879040524604
9879040655676
9879040786748
9879041343804
9879041376572
9879042294076
9879042425148
9879042588988
9879042621756
9879042851132
9879043014972
9879043047740
9879043440956
9879043539260
9879043834172
9879044358460
9879044391228
9879044456764
9879044587836
9879045112124
9879045243196
9879045341500
9879045374268
9879045701948
9879046095164
9879046127932
9879046357308
9879046553916
9879047078204
9879047110972
9879047274812
9879047373116
9879047864636
9879047930172
9879048126780
9879048454460
9879048683836
9879048716604
9879048880444
9879049077052
9879049273660
9879049535804
9879049830716
9879049929020
9879050649916
9879050813756
9879050912060
9879051239740
9879051665724
9879051862332
9879052714300
9879052812604
9879053500732
9879053599036
9879054221628
9879054385468
9879054549308
9879055106364
9879055532348
9879055892796
9879056122172
9879056351548
9879056580924
9879057629500
9879057891644
9879058841916
9879059300668
9879059366204
9879059464508
9879060087100
9879060775228
9879060873532
9879061299516
9879061332284
9879062249788
9879062577468
9879062774076
9879063003452
9879063134524
9879063167292
9879063232828
9879063626044
9879063953724
9879064478012
9879065035068
9879065887036
9879065919804
9879066018108
9879066181948
9879066378556
9879066640700
9879066771772
9879067492668
9879067951420
9879068246332
9879068442940
9879068836156
9879069294908
9879069393212
9879069819196
9879071162684
9879071654204
9879072178492
9879072276796
9879072899388
9879072997692
9879073128764
9879073259836
9879073718588
9879073784124
9879074046268
9879074603324
9879074734396
9879075455292
9879076471100
9879076766012
9879076831548
9879077126460
9879077945660
9879078175036
9879078207804
9879078732092
9879078764860
9879078863164
9879079256380
9879079420220
9879079485756
9879079944508
9879080173884
9879081320764
9879081779516
9879081910588
9879082402108
9879082762556
9879082926396
9879083024700
9879083811132
9879083876668
9879084106044
9879084532028
9879084564796
9879084663100
9879085187388
9879085646140
9879085941052
9879086793020
9879087120700
9879087186236
9879087907132
9879088136508
9879088660796
9879089054012
9879089086780
9879089217852
9879089512764
9879089611068
9879089742140
9879090102588
9879091085628
9879091151164
9879091577148
9879091937596
9879092363580
9879092691260
9879093575996
9879093870908
9879094493500
9879096328508
9879097377084
9879097508156
9879097737532
9879098491196
9879098687804
9879099670844
9879100981564
9879101112636
9879101767996
9879102030140
9879102849340
9879103013180
9879103144252
9879103865148
9879103897916
9879104684348
9879104815420
9879106027836
9879106093372
9879107043644
9879107240252
9879107404092
9879108092220
9879108124988
9879108288828
9879109075260
9879109140796
9879110189372
9879111074108
9879111205180
9879111729468
9879112319292
9879112679740
9879112778044
9879113040188
9879113564476
9879113662780
9879113859388
9879113892156
9879114613052
9879114678588
9879114809660
9879115366716
9879115694396
9879115989308
9879116546364
9879116644668
9879117267260
9879117300028
9879117529404
9879118315836
9879119036732
9879119659324
9879120052540
9879121101116
9879121920316
9879122018620
9879122215228
9879122510140
9879122641212
9879123362108
9879123722556
9879124050236
9879124803900
9879124836668
9879125623100
9879126343996
9879127097660
9879127425340
9879128047932
9879128506684
9879128637756
9879128965436
9879129293116
9879129391420
9879129751868
9879130014012
9879130276156
9879130538300
9879130636604
9879130669372
9879131291964
9879131390268
9879131717948
9879132078396
9879132143932
9879132700988
9879133028668
9879133225276
9879133651260
9879134175548
9879134372156
9879135191356
9879135453500
9879136207164
9879136502076
9879136600380
9879137124668
9879137321276
9879138009404
9879138894140
9879139254588
9879140008252
9879140172092
9879140204860
9879140729148
9879141024060
9879141384508
9879141613884
9879142203708
9879142531388
9879142990140
9879143317820
9879143711036
9879144202556
9879144890684
9879145677116
9879146299708
9879146332476
9879146889532
9879147544892
9879147708732
9879148200252
9879148364092
9879148953916
9879149248828
9879149314364
9879149838652
9879150035260
9879151018300
9879151149372
9879151214908
9879151968572
9879152034108
9879152525628
9879153344828
9879154426172
9879154852156
9879155081532
9879155802428
9879156490556
9879156719932
9879156949308
9879157342524
9879157440828
9879158227260
9879158260028
9879159013692
9879159046460
9879159800124
9879159865660
9879160095036
9879160553788
9879160652092
9879160783164
9879160881468
9879161274684
9879161536828
9879162159420
9879163011388
9879163240764
9879163830588
9879163961660
9879164125500
9879164453180
9879164518716
9879165141308
9879165305148
9879165337916
9879165763900
9879166320956
9879166419260
9879167140156
9879167336764
9879167893820
9879167959356
9879167992124
9879168647484
9879168811324
9879168942396
9879169564988
9879169663292
9879169827132
9879170351420
9879170515260
9879170842940
9879171432764
9879171760444
9879172088124
9879172546876
9879172776252
9879172874556
9879173398844
9879173464380
9879173660988
9879173693756
9879174316348
9879174644028
9879174938940
9879175364924
9879175430460
9879175790908
9879176118588
9879176380732
9879176544572
9879177691452
9879179821372
9879179886908
9879180640572
9879180771644
9879181754684
9879181951292
9879182082364
9879182737724
9879183032636
9879183065404
9879183458620
9879183851836
9879184539964
9879185359164
9879186964796
9879187456316
9879187816764
9879187882300
9879188177212
9879188406588
9879188865340
9879189389628
9879189487932
9879190405436
9879190503740
9879191159100
9879191748924
9879191945532
9879192797500
9879193190716
9879193616700
9879193878844
9879194042684
9879194304828
9879194698044
9879194960188
9879195025724
9879195681084
9879195943228
9879196467516
9879197188412
9879197221180
9879198105916
9879198499132
9879198597436
9879198957884
9879199318332
9879199646012
9879199940924
9879200563516
9879200956732
9879202365756
9879202955580
9879203184956
9879204626748
9879204692284
9879205675324
9879205806396
9879207215420
9879207641404
9879207739708
9879208165692
9879208689980
9879209050428
9879209541948
9879210131772
9879210393916
9879211311420
9879211802940
9879211999548
9879212425532
9879212818748
9879213343036
9879214227772
9879214358844
9879214850364
9879215046972
9879215145276
9879215702332
9879215800636
9879216455996
9879216554300
9879217144124
9879217340732
9879217799484
9879218258236
9879218487612
9879218684220
9879219274044
9879219601724
9879220060476
9879220224316
9879220814140
9879221240124
9879221895484
9879222190396
9879222518076
9879223173436
9879224582460
9879226351932
9879231103292
9879232020796
9879232086332
9879232905532
9879233757500
9879235297596
9879235985724
9879238246716
9879238771004
9879239524668
9879240212796
9879240868156
9879241818428
9879242572092
9879243325756
9879243882812
9879244570940
9879245324604
9879246045500
9879246831932
9879247782204
9879248634172
9879249355068
9879249879356
9879251157308
9879252074812
9879252959548
9879253778748
9879254958396
9879256138044
9879257186620
9879258038588
9879259021628
9879259873596
9879260791100
9879261446460
9879262232892
9879263019324
9879264133436
9879264887100
9929977397564
9929977626940
9929977856316
9929980215612
9929983099196
9929984213308
9929984311612
9929985360188
9929986539836
9929987752252
9929987916092
9929988047164
9929988342076
9929988505916
9929989095740
9929989226812
9929989783868
9929990013244
9929990209852
9929990471996
9929990963516
9929991258428
9929991422268
9929991618876
9929991815484
9929992438076
9929993814332
9929993879868
9929994928444
9929996763452
9929996960060
9929997123900
9972913996092
10005275246908
10005935063356
10006373859644
10007773839676
10011475968316
10012639789372
10012673343804
10012746219836
10012773548348
10012785803580
10012945547580
10013418717500
10013842964796
10014042784060
10015224070460
10017455243580
10017532641596
10019813589308
10026483908924
10027115905340
10028565561660
10030876852540
10030944125244
10030976729404
10031019065660
10032531046716
10032538714428
10032719429948
10034665914684
10041131303228
10041155813692
10041171018044
10041270305084
10041293013308
10041340559676
10041366675772
10042226639164
10042232373564
10042246791484
10042294239548
10042301251900
10042305872188
10042758693180
10042888782140
10042970505532
10043779744060
10044059844924
10045566091580
10054649119036
10059303878972
10060362318140
10060368249148
10060396036412
10061163036988
10062014939452
10063142551868
10063163064636
10065496801596
10065551556924
10065617879356
10071602823484
10078810145084
10078889476412
10078900945212
10082057650492
10085311086908
10090326982972
10093970424124
10094328545596
10096969810236
10104579850556
10107794522428
10108701311292
10109956653372
10110356947260
10112157843772
10113791656252
10114801467708
10116902388028
10119779287356
10121200468284
10129686266172
10129933762876
10130357911868
10138120585532
10138129301820
10138976944444
10143915147580
10143925928252
10145609482556
10145616986428
10145641857340
10145740325180
10150808715580
10155587502396
10162197168444
10163026690364
10163029180732
10164484342076
10170360332604
10173903077692
10175465128252
10175750242620
10175768723772
10176330301756
10177568473404
10177616675132
10177840841020
10178331083068
10178987884860
10183744684348
10186935075132
10186956112188
10186966565180
10186998022460
10187180114236
10187210588476
10187260625212
10187390026044
10187401298236
10187407196476
10187412373820
10187416338748
10187486495036
10187492393276
10187519492412
10188489621820
10188532711740
10188806848828
10189525025084
10189888815420
10189997375804
10190131593532
10191983214908
10192360505660
10192394256700
10192457630012
10192512909628
10192517792060
10192548790588
10192568549692
10192590405948
10192643424572
10192737468732
10195169902908
10195190579516
10195212403004
10195279741244
10195454165308
10196188168508
10198076096828
10198185738556
10200492638524
10203260289340
10203951825212
10204156100924
10204220588348
10204291203388
10205224501564
10205316448572
10205352689980
10205476913468
10205506928956
10205695148348
10211454189884
10212632265020
10213093769532
10213188501820
10213993873724
10217666281788
10217689612604
10218515661116
10219025727804
10219086020924
10219946049852
10221238124860
10223147024700
10223180874044
10223613509948
10225631887676
10225641554236
10225691263292
10226754683196
10226775687484
10227267469628
10227283624252
10231481499964
10232996495676
10233224855868
10233309561148
10234029703484
10234173653308
10234418364732
10234657046844
10235722170684
10237677207868
10237798940988
10238357995836
10240114000188
10242947907900
10243068690748
10243298099516
10243307503932
10243489923388
10243981508924
10245808587068
10246877544764
10247596147004
10247823130940
10254897807676
10273068548412
10273653457212
10274055684412
10279112835388
10285087293756
10285757563196
10290339905852
10294665543996
10294699131196
10295115350332
10296305320252
10301881418044
10309869502780
10310913360188
10323080479036
10338979610940
10339479781692
10342691078460
10346655973692
10354483953980
10354513838396
10357000798524
10358727344444
